Car 0.0 0 1.9658974409103394 167.3730926513672 186.34600830078125 400.92694091796875 317.8100891113281 4.1461053 1.4995785 1.6293652 -4.5652137 1.739556 10.7330885 1.5637387037277222 0.998145341873169
Car 0.0 0 2.207615375518799 0.0 201.8222198486328 265.2168884277344 375.0 3.708315 1.4599702 1.5290864 -4.5713897 1.7773838 6.031443 1.5590605735778809 0.9898548126220703
Car 0.0 0 -1.75130033493042 724.2186889648438 177.331787109375 806.560546875 233.172607421875 4.241831 1.4616932 1.6170734 4.4333177 1.60795 21.367205 -1.5467207431793213 0.9854974150657654
Car 0.0 0 1.727863073348999 525.1766357421875 173.7349090576172 569.78515625 205.56985473632812 4.0186625 1.5589067 1.7029482 -3.2271318 1.6075828 37.508923 1.642038106918335 0.985334038734436
Car 0.0 0 -1.7657040357589722 709.7250366210938 173.9712677001953 770.4442749023438 216.6698455810547 3.3343172 1.4917052 1.605017 4.751154 1.5364456 26.9761 -1.591367483139038 0.9821563363075256
Car 0.0 0 -1.8017805814743042 747.0789794921875 161.8540496826172 888.236083984375 265.2598876953125 4.6657114 1.826382 1.7438749 4.0653515 1.6324558 15.100805 -1.5388013124465942 0.9809869527816772
Car 0.0 0 -1.7430168390274048 696.5250854492188 172.162353515625 751.299560546875 207.56224060058594 4.07777 1.4746386 1.7188982 4.952642 1.446185 32.109043 -1.5899784564971924 0.9312867522239685
Car 0.0 0 2.121821880340576 0.0 170.3206329345703 170.7275390625 239.83595275878906 4.2487783 1.4929148 1.7759532 -12.864346 1.438866 17.680157 1.4928019046783447 0.46023571491241455
Car 0.0 0 -1.8500078916549683 684.2021484375 174.5981903076172 734.7628173828125 204.1820068359375 3.7735362 1.4461365 1.6145848 5.070404 1.5419098 37.48533 -1.7155601978302002 0.37347713112831116
Car 0.0 0 1.6543372869491577 612.022216796875 170.4267578125 632.7671508789062 187.93959045410156 3.6598597 1.607169 1.6604117 1.1769134 1.3847768 68.117714 1.6716132164001465 0.3376064598560333
