Car 0.0 0 -2.014461040496826 787.5059814453125 172.95721435546875 1152.05126953125 375.0 3.2805984 1.5413494 1.5772232 2.804457 1.5428832 6.5484023 -1.6098275184631348 0.9969820380210876
Car 0.0 0 -1.7248636484146118 674.5520629882812 182.98936462402344 750.70166015625 239.5409698486328 3.6862116 1.4131261 1.5751855 2.7797828 1.7283096 20.551502 -1.5904202461242676 0.996948778629303
Car 0.0 0 3.4419045448303223 265.9554138183594 178.8707733154297 458.4866943359375 240.09507751464844 4.2812433 1.4469762 1.5996565 -6.14287 1.6052486 18.076603 3.114323377609253 0.9649037718772888
Car 0.0 0 -2.4711527824401855 110.20027923583984 186.62718200683594 354.23455810546875 273.8112487792969 3.833467 1.4219459 1.5567949 -6.9197884 1.6966597 13.245318 -2.952585220336914 0.9064539074897766
Car 0.0 0 0.5798523426055908 0.0 160.99130249023438 293.8740539550781 295.8647766113281 3.866415 1.7663435 1.7001241 -6.878126 1.6113436 10.312888 -0.008342728018760681 0.8663758635520935
Car 0.0 0 -1.6685943603515625 634.8673095703125 181.08572387695312 660.435791015625 202.79563903808594 3.9919014 1.5224006 1.5276512 2.7650604 2.16387 54.163383 -1.6175882816314697 0.8520216941833496
Car 0.0 0 -2.4855148792266846 0.0 187.93087768554688 280.4389953613281 341.3473815917969 3.890634 1.4810876 1.6598393 -6.02332 1.6659253 7.977827 -3.1322131156921387 0.850167453289032
Car 0.0 0 0.11545310169458389 490.9399719238281 180.26327514648438 546.3697509765625 203.8866729736328 3.545739 1.5480373 1.5919616 -6.152503 2.055897 48.6049 -0.01045920792967081 0.8377503752708435
Car 0.0 0 -2.606041193008423 226.70254516601562 177.3814697265625 422.5793762207031 245.6058349609375 3.6751297 1.386082 1.692993 -6.2796063 1.4935277 15.934916 -2.9814324378967285 0.7983906269073486
Car 0.0 0 3.2578296661376953 441.3994445800781 179.2791748046875 516.8565673828125 211.6844024658203 3.6759965 1.6171352 1.6113052 -6.7529044 1.9577575 37.288826 3.078674077987671 0.7507098317146301
Car 0.0 0 -2.7943949699401855 386.3453674316406 178.52279663085938 499.4163818359375 221.6326141357422 3.95059 1.5911586 1.6235379 -6.4711065 1.8192697 27.944485 -3.02195405960083 0.7016063928604126
Car 0.0 0 -3.3667125701904297 729.3999633789062 175.2318878173828 854.074951171875 221.21568298339844 3.9834833 1.56159 1.7166033 6.2983594 1.6488863 25.485025 -3.1244277954101562 0.6862100958824158
Car 0.0 0 0.32444167137145996 407.7939453125 174.43643188476562 511.1710205078125 216.80404663085938 3.914505 1.7113718 1.6936524 -6.318176 1.7805308 30.29565 0.11883807182312012 0.6021113991737366
Car 0.0 0 0.42886555194854736 329.64019775390625 176.61587524414062 483.9380798339844 230.05722045898438 4.4318395 1.5945113 1.605732 -6.425035 1.7197692 22.819311 0.15440964698791504 0.5761405229568481
Car 0.0 0 -2.783149480819702 307.0611572265625 176.31805419921875 461.2165832519531 232.0905303955078 3.878941 1.5077901 1.5670937 -6.3950543 1.6108856 20.505604 -3.085458993911743 0.5520964860916138
Car 0.0 0 0.31883370876312256 428.3885498046875 184.38314819335938 517.5848999023438 216.552734375 3.9083543 1.4653953 1.5911145 -6.587311 2.0362523 34.65722 0.13100385665893555 0.5335379242897034
Car 0.0 0 1.9865026473999023 498.28515625 176.9076690673828 531.1422119140625 195.5585174560547 3.5893195 1.5739557 1.5593002 -8.395804 1.9429574 63.673435 1.855401635169983 0.33366623520851135
