Car 0.0 0 1.9794764518737793 167.81808471679688 197.43145751953125 360.6755676269531 305.2904968261719 3.92373 1.4675767 1.595689 -5.8736258 1.9680431 12.69842 1.5462369918823242 0.9973104000091553
Car 0.0 0 1.86794114112854 321.3643798828125 195.5720977783203 429.35406494140625 263.3644714355469 3.7532864 1.409089 1.5393988 -5.809229 2.0402365 18.145166 1.5580995082855225 0.992893397808075
Car 0.0 0 1.7522813081741333 431.4183044433594 187.98342895507812 491.7972412109375 229.3618621826172 4.0075583 1.4543204 1.6666864 -5.8924584 2.1021163 28.854206 1.5508363246917725 0.9914765954017639
Car 0.0 0 1.7531405687332153 476.6915588378906 184.40318298339844 521.6658935546875 217.04067993164062 3.843502 1.5002773 1.5775489 -5.5828066 2.1158223 36.48624 1.6013069152832031 0.9897000789642334
Car 0.0 0 2.7808499336242676 810.7921142578125 158.50184631347656 950.4752197265625 209.06202697753906 4.1758223 1.683383 1.7090195 9.210017 1.205891 24.88827 3.13527774810791 0.9823518395423889
Car 0.0 0 1.8158941268920898 386.7545166015625 189.6768798828125 465.0150146484375 242.8627471923828 3.8025768 1.473318 1.5452397 -5.8356066 2.0565073 23.091898 1.5683643817901611 0.973660945892334
Car 0.0 0 -1.674656867980957 655.6161499023438 174.07675170898438 695.9389038085938 208.97647094726562 3.9374933 1.6585047 1.6149915 3.2268584 1.7239195 36.405964 -1.5862524509429932 0.8780062794685364
Car 0.0 0 -1.6224037408828735 670.3257446289062 176.0758819580078 713.5774536132812 215.2029266357422 3.906984 1.5462419 1.6227922 3.4019523 1.6932313 30.837719 -1.5125300884246826 0.8743645548820496
Car 0.0 0 1.7128114700317383 499.0063171386719 186.45907592773438 536.8675537109375 214.06460571289062 3.900174 1.4584339 1.6526028 -5.3444257 2.2880557 42.014187 1.5862857103347778 0.6313872337341309
Car 0.0 0 2.806967258453369 803.892822265625 156.97708129882812 913.9812622070312 197.39793395996094 3.6550045 1.4921747 1.519349 9.355124 0.9064208 27.403494 3.135946035385132 0.44980770349502563
Car 0.0 0 -1.7943787574768066 739.4306640625 175.84877014160156 790.7063598632812 210.58999633789062 3.7793431 1.5117738 1.5239873 7.120741 1.6595887 33.623672 -1.5856846570968628 0.4267294406890869
Car 0.0 0 -2.6383748054504395 313.06787109375 176.93426513671875 405.7247619628906 209.32325744628906 3.8822439 1.4841255 1.6191893 -11.980356 1.6857622 34.466667 -2.972903251647949 0.418009489774704
Car 0.0 0 -1.8585572242736816 743.6240234375 156.52281188964844 796.109375 187.83517456054688 3.9491446 1.5910231 1.6855801 8.467252 0.7615714 38.689857 -1.6431046724319458 0.412505179643631
