Car 0.0 0 -2.019050121307373 822.7513427734375 193.534423828125 1242.0 375.0 3.712719 1.4713361 1.6088175 3.0646577 1.6999805 6.0917172 -1.5529367923736572 0.9979432225227356
Car 0.0 0 -1.7485663890838623 677.3287963867188 177.7589569091797 744.3316650390625 225.57130432128906 3.833164 1.4859737 1.6055392 3.3301907 1.6680082 24.772394 -1.6149359941482544 0.9976110458374023
Car 0.0 0 0.5333443284034729 0.0 189.6387939453125 308.7226257324219 319.8523864746094 3.9542847 1.5021274 1.6361853 -6.3308854 1.7447432 9.485431 -0.0551883690059185 0.9922932386398315
Car 0.0 0 -1.8573685884475708 747.1629028320312 177.57728576660156 927.4535522460938 299.1698303222656 3.636877 1.5383722 1.6098603 3.2146356 1.6232687 11.089584 -1.5752229690551758 0.9897466897964478
Car 0.0 0 0.37677228450775146 188.4459991455078 180.37855529785156 394.0136413574219 259.6618347167969 3.5515976 1.5316056 1.6407235 -6.546797 1.6974698 14.9856615 -0.03510984033346176 0.9690009355545044
Car 0.0 0 -2.8338747024536133 306.262451171875 177.7314910888672 457.4005126953125 237.79531860351562 3.5841568 1.5497143 1.6258835 -6.1512117 1.6878816 19.565174 -3.138485908508301 0.9047762751579285
Car 0.0 0 0.25047266483306885 369.6788024902344 176.55209350585938 500.994873046875 227.53224182128906 4.0461454 1.6592098 1.6375281 -5.892388 1.7892387 24.450424 0.013988733291625977 0.8857434391975403
Car 0.0 0 0.3182510733604431 336.3600158691406 180.1564483642578 493.0291442871094 228.48968505859375 4.348908 1.3990802 1.5863887 -5.9480677 1.6320572 22.07025 0.054999589920043945 0.8672229647636414
Car 0.0 0 -0.26866409182548523 725.4073486328125 177.8131866455078 819.114501953125 214.48941040039062 3.7500727 1.5603477 1.550889 7.0665956 1.7852358 31.797165 -0.04997839778661728 0.830483615398407
Car 0.0 0 -2.8836779594421387 490.9617614746094 175.37460327148438 553.9579467773438 200.0522003173828 3.9011023 1.6097775 1.6520522 -5.875161 1.7829126 48.371227 -3.0045456886291504 0.7993364334106445
Car 0.0 0 -2.571697235107422 421.6941833496094 181.0627899169922 517.792236328125 219.795166015625 3.5968435 1.4840922 1.5641785 -5.795924 1.8372799 29.621548 -2.7649219036102295 0.5807482600212097
Car 0.0 0 0.23849093914031982 261.8317565917969 185.69371032714844 459.0368347167969 249.2677764892578 4.1365433 1.3789184 1.6000168 -5.805471 1.699814 17.02724 -0.09010062366724014 0.35997748374938965
