Cyclist 0.0 0 1.2421269416809082 360.2237854003906 170.70755004882812 429.37554931640625 289.9491882324219 1.3083686 1.7157626 0.62362254 -3.3789475 1.685235 11.09247 0.9464404582977295 0.7826551795005798
Cyclist 0.0 0 1.2940196990966797 272.4703063964844 164.46714782714844 358.17926025390625 319.627197265625 1.2813903 1.7491076 0.63771343 -3.6801708 1.6549209 8.83105 0.8991739749908447 0.5635652542114258
Car 0.0 0 -1.957456111907959 740.3633422851562 182.89646911621094 1025.924560546875 364.0238952636719 3.8317237 1.4819201 1.5237573 2.6388316 1.6221775 8.0836935 -1.6419233083724976 0.99284428358078
Car 0.0 0 -1.799889087677002 655.0402221679688 167.2285919189453 771.4249267578125 260.5028991699219 3.836514 1.6692656 1.5001448 1.932636 1.5689495 14.893702 -1.6708481311798096 0.9715476632118225
Car 0.0 0 1.864032506942749 264.4161682128906 185.24424743652344 401.84173583984375 267.6408386230469 4.1230245 1.5033623 1.683498 -5.954707 1.8132192 15.908922 1.505875825881958 0.9650791883468628
Car 0.0 0 1.755040168762207 401.519775390625 178.83706665039062 455.8411560058594 214.930908203125 3.9786136 1.4757992 1.6497053 -8.058507 1.7601513 32.21013 1.5098869800567627 0.94499272108078
Car 0.0 0 -1.653835415840149 587.5072021484375 174.8829345703125 636.7465209960938 219.34300231933594 3.3522704 1.5329928 1.5404714 -0.01937634 1.6135097 26.769058 -1.6545592546463013 0.9083190560340881
Car 0.0 0 -1.1618916988372803 134.92726135253906 189.36195373535156 358.5061340332031 317.10504150390625 3.838647 1.5093975 1.5938181 -5.278708 1.8055289 10.975854 -1.6101739406585693 0.6602005362510681
Car 0.0 0 -1.5719209909439087 562.55908203125 175.498779296875 594.6329956054688 207.05738830566406 3.4192855 1.5243169 1.5623521 -1.6468723 1.6662741 36.88417 -1.6165411472320557 0.5419033169746399
Car 0.0 0 -1.6199229955673218 690.670166015625 168.49533081054688 738.9374389648438 214.1092529296875 3.7723365 1.6214668 1.6274675 3.9008293 1.4668841 27.598696 -1.4795119762420654 0.36359286308288574
Car 0.0 0 1.6246252059936523 425.9381103515625 175.3610382080078 458.76824951171875 205.6904296875 3.9317412 1.6165859 1.6038586 -9.485261 1.7661834 40.87406 1.396600604057312 0.34989288449287415
