Car 0.0 0 -1.924966812133789 733.7833862304688 181.13265991210938 1052.852783203125 375.0 4.2715144 1.5639793 1.6045643 2.5213532 1.6780545 7.7427835 -1.6101568937301636 0.9984915256500244
Car 0.0 0 -2.747373104095459 216.08023071289062 181.03683471679688 420.8513488769531 256.6044921875 3.877595 1.5692912 1.659556 -6.411082 1.7610998 16.022696 -3.1279871463775635 0.9866920113563538
Car 0.0 0 -1.6294357776641846 642.5100708007812 182.8964080810547 674.3218994140625 210.13987731933594 3.714135 1.4470696 1.6045494 2.7132416 2.0517893 41.557827 -1.5642399787902832 0.9864572882652283
Car 0.0 0 3.6392250061035156 9.861770629882812 198.40452575683594 305.1666259765625 308.1375732421875 3.51575 1.4892434 1.5994532 -6.832556 1.9143932 11.099513 3.0874338150024414 0.9244639277458191
Car 0.0 0 2.1344289779663086 0.0 205.61476135253906 382.335693359375 375.0 3.058409 1.4965352 1.5157238 -2.638904 1.7586147 4.2280626 1.5764480829238892 0.7291144132614136
Car 0.0 0 -2.684875726699829 387.1983642578125 185.6060028076172 509.3562316894531 228.32199096679688 4.0546403 1.4312997 1.5343096 -5.8760014 1.9148909 26.12076 -2.9061474800109863 0.7238374352455139
Car 0.0 0 -2.9071338176727295 450.4971618652344 184.1116943359375 532.377685546875 215.89500427246094 3.7568128 1.5116615 1.5725739 -5.8979263 2.086269 35.883945 -3.0700385570526123 0.7118414044380188
Car 0.0 0 0.29151880741119385 410.64715576171875 183.7956085205078 508.8298645019531 220.5695343017578 3.9096978 1.5250787 1.5312854 -6.541096 2.0158434 31.40578 0.08617758750915527 0.6237261891365051
Car 0.0 0 -2.6858222484588623 265.8373107910156 181.75779724121094 421.0506286621094 244.71383666992188 3.3926797 1.5031722 1.5274585 -6.792327 1.742415 18.422426 -3.0390572547912598 0.598459780216217
Car 0.0 0 0.11044633388519287 489.6622009277344 182.80503845214844 550.1351928710938 206.41539001464844 3.9832063 1.5771048 1.6200364 -6.205566 2.2749875 49.73682 -0.01368026901036501 0.4244813024997711
