Car 0.0 0 2.1641650199890137 0.0 188.3107147216797 239.91868591308594 284.06103515625 4.117539 1.4182417 1.5913092 -8.48689 1.483583 12.843596 1.580243706703186 0.9913821816444397
Car 0.0 0 1.7677688598632812 431.3371887207031 184.13821411132812 500.2253723144531 231.43814086914062 3.4611132 1.4133118 1.5320828 -4.5434756 1.3822482 23.208818 1.5744487047195435 0.9910095930099487
Car 0.0 0 2.0112833976745605 262.4946594238281 185.82095336914062 370.5975341796875 236.45704650878906 3.5608172 1.3478885 1.5505966 -8.421231 1.3682382 20.998203 1.6298762559890747 0.9739091992378235
Car 0.0 0 1.8715728521347046 263.0417175292969 191.84764099121094 434.6736145019531 293.72320556640625 3.695838 1.4081373 1.6512581 -4.1679835 1.5377561 12.049845 1.5385595560073853 0.9676018953323364
Car 0.0 0 1.7018601894378662 475.83123779296875 184.04908752441406 521.2366333007812 215.02127075195312 3.8749483 1.3540518 1.5917882 -5.0437512 1.3041811 33.37558 1.551874041557312 0.9668825268745422
Car 0.0 0 -1.5969288349151611 578.7234497070312 180.28811645507812 611.0599365234375 209.51084899902344 3.6517467 1.5254037 1.6674299 -0.77407813 1.2693192 39.38204 -1.616581916809082 0.9584787487983704
Car 0.0 0 1.9424934387207031 256.4941711425781 176.58042907714844 333.16876220703125 216.1051788330078 3.6987166 1.474303 1.5671195 -12.426807 1.1533321 28.687231 1.53371262550354 0.8994423747062683
Car 0.0 0 1.7614524364471436 379.77008056640625 187.1333770751953 431.6378479003906 221.0309600830078 3.5980928 1.4055743 1.5603886 -8.927189 1.4966924 31.871141 1.4883486032485962 0.7034634351730347
Car 0.0 0 1.8287298679351807 362.2749328613281 176.88050842285156 410.0193786621094 201.7637176513672 4.2714276 1.3725966 1.6179413 -12.847394 0.91394603 41.8159 1.530646800994873 0.6222004294395447
Car 0.0 0 1.669055461883545 507.70782470703125 181.46466064453125 539.9089965820312 206.87088012695312 3.527267 1.4472351 1.5642742 -4.976174 1.2346929 42.72217 1.5531004667282104 0.4779774844646454
