Car 0.0 0 -1.708698034286499 649.6072387695312 179.36634826660156 710.5572509765625 226.33111572265625 4.0134463 1.5198684 1.6256965 2.3942409 1.7729487 25.955778 -1.6167151927947998 0.9988631010055542
Car 0.0 0 -1.8374818563461304 689.450439453125 185.031494140625 801.5654907226562 257.51373291015625 3.4993224 1.4001169 1.6001215 2.8935678 1.7072818 16.360556 -1.662429690361023 0.993530809879303
Car 0.0 0 -2.6528167724609375 99.58023071289062 186.20199584960938 374.26422119140625 286.2379455566406 3.796264 1.5406103 1.6581757 -6.21194 1.7827224 12.202559 -3.1236929893493652 0.9801760315895081
Car 0.0 0 -2.7766761779785156 265.9266357421875 179.40147399902344 443.4179382324219 240.1549072265625 4.1463823 1.5239788 1.5759597 -6.7255325 1.7055272 19.121546 -3.114887237548828 0.9628625512123108
Car 0.0 0 0.4852496385574341 230.70098876953125 183.8382110595703 413.44696044921875 250.5680389404297 3.6971426 1.450731 1.5508555 -6.7497654 1.7242093 16.970259 0.10669231414794922 0.9472337365150452
Car 0.0 0 3.8893473148345947 0.0 193.07313537597656 180.284912109375 361.62261962890625 4.1342907 1.4970669 1.6168107 -7.0367785 1.7290715 7.43438 3.131417751312256 0.9443225264549255
Car 0.0 0 0.2844263017177582 311.0446472167969 177.8258056640625 460.9947204589844 235.27374267578125 4.019022 1.6529348 1.6450781 -6.712882 1.8091068 21.757658 -0.014837341383099556 0.9274569749832153
Car 0.0 0 -2.7928946018218994 405.15771484375 184.677734375 509.6043395996094 224.03663635253906 3.9316938 1.5394238 1.5888331 -6.3331156 2.0474617 29.917053 -3.0015039443969727 0.9043092727661133
Car 0.0 0 3.4099907875061035 338.8818054199219 177.0858612060547 473.26123046875 227.4191131591797 4.0153794 1.6079035 1.6332607 -6.756058 1.7539827 24.014536 3.1357474327087402 0.8439413905143738
Car 0.0 0 -2.6984758377075195 176.8603057861328 180.0237579345703 397.5306091308594 265.8878173828125 3.7974439 1.6363645 1.6008345 -6.5314403 1.791653 14.739405 -3.115600109100342 0.8249463438987732
Car 0.0 0 -1.5887385606765747 643.948974609375 176.5521240234375 678.7442016601562 211.77723693847656 3.8499775 1.679391 1.6769011 2.538919 1.8783207 36.775116 -1.5198088884353638 0.6402633786201477
Car 0.0 0 -1.6578576564788818 627.1065673828125 176.7763214111328 651.5250244140625 199.11851501464844 4.0604243 1.6375723 1.5287125 2.2024746 1.9517977 55.67139 -1.6183161735534668 0.5571501851081848
Car 0.0 0 -2.912221670150757 443.3706970214844 177.18869018554688 524.8212280273438 206.04702758789062 4.1458035 1.5423224 1.7326691 -6.9451833 1.7879248 39.83728 -3.0848257541656494 0.3606942892074585
