Car 0.0 0 -1.8133794069290161 695.5242309570312 178.4910888671875 842.3607177734375 275.1044616699219 4.19938 1.4619601 1.6105007 2.6684234 1.5828999 13.298044 -1.6153465509414673 0.9982274174690247
Car 0.0 0 -1.6952831745147705 676.163330078125 175.58438110351562 739.481689453125 225.51937866210938 4.0191817 1.5191501 1.5934638 3.145412 1.618645 24.181894 -1.5659363269805908 0.9951258301734924
Car 0.0 0 -2.68721604347229 267.57977294921875 183.39297485351562 453.8325500488281 250.51841735839844 3.8897498 1.4768286 1.6275758 -5.935494 1.744412 17.246408 -3.018677234649658 0.9830568432807922
Car 0.0 0 -2.481333017349243 0.0 186.4329376220703 291.2940979003906 329.00726318359375 3.9432433 1.5709138 1.6643904 -6.384794 1.7588568 9.043821 -3.0960638523101807 0.9557684659957886
Car 0.0 0 0.3224429488182068 296.2350769042969 174.0258026123047 461.9578552246094 229.94139099121094 4.0254593 1.4629488 1.570637 -6.273761 1.4966658 19.72374 0.014481067657470703 0.93244469165802
Car 0.0 0 3.2685580253601074 389.892578125 177.01058959960938 502.76995849609375 220.26364135742188 3.9441705 1.5479165 1.6842598 -6.0976453 1.7099731 27.04132 3.046773910522461 0.9170268774032593
Car 0.0 0 -2.597071409225464 35.20258331298828 176.9640655517578 336.6902160644531 285.97467041015625 3.9124799 1.6087693 1.5711963 -6.675787 1.6795259 11.531893 -3.1218299865722656 0.8977802991867065
Car 0.0 0 -2.2484283447265625 0.0 189.303466796875 157.11135864257812 375.0 3.9201715 1.4497342 1.6426553 -6.5957627 1.6231036 6.56341 -3.036285161972046 0.7584714293479919
Car 0.0 0 -1.6604822874069214 649.4156494140625 172.97238159179688 682.1583251953125 199.96945190429688 3.7577243 1.5458964 1.6169958 3.2660632 1.5536559 43.220463 -1.5850580930709839 0.7209767699241638
Car 0.0 0 -2.8117730617523193 336.1886901855469 163.31544494628906 472.1502380371094 220.9188995361328 3.6964674 1.7012993 1.6389287 -6.3187695 1.4199394 22.223503 -3.0887908935546875 0.6117057204246521
