Car 0.0 0 -2.2836930751800537 725.8272094726562 177.84776306152344 821.931640625 220.22332763671875 3.7984424 1.5019697 1.5257009 6.2494283 1.7107981 28.084845 -2.0647406578063965 0.9882656335830688
Car 0.0 0 -1.7392374277114868 627.0079956054688 176.6230010986328 666.4307250976562 205.05264282226562 3.5963094 1.4990475 1.6172867 1.9760133 1.7204041 40.423477 -1.6903934478759766 0.9816362857818604
Car 0.0 0 -2.560011148452759 0.0 178.99557495117188 351.5796813964844 314.1130065917969 4.402973 1.6039441 1.687966 -5.974064 1.6930817 9.535517 -3.1196930408477783 0.969772219657898
Car 0.0 0 0.5794196128845215 81.86302947998047 184.19017028808594 357.2112121582031 277.7349853515625 3.7937732 1.4123633 1.6329575 -6.483018 1.6183938 12.108416 0.08784365653991699 0.9188740849494934
Car 0.0 0 3.1974496841430664 415.5298156738281 175.4275665283203 502.3636169433594 208.39749145507812 4.1172557 1.5722575 1.6971232 -7.451787 1.704158 35.730816 2.9918432235717773 0.829146683216095
Car 0.0 0 0.7499349117279053 0.0 178.3394317626953 180.745361328125 369.21484375 3.6896863 1.5755458 1.730188 -6.512871 1.6349394 6.8831196 -0.007831506431102753 0.777555525302887
Car 0.0 0 -1.5713008642196655 613.0341796875 173.72581481933594 637.4768676757812 196.57826232910156 4.1643353 1.5133188 1.6242145 1.0247167 1.5766732 50.03647 -1.5508242845535278 0.6607499122619629
Car 0.0 0 -2.8159639835357666 446.8684387207031 175.0316162109375 520.3570556640625 201.53805541992188 3.9767318 1.5239755 1.6398106 -7.5010705 1.6567954 42.775993 -2.989556074142456 0.631787896156311
Car 0.0 0 0.3657008409500122 485.6245422363281 168.3292694091797 540.8941650390625 189.6065673828125 4.0864162 1.6832712 1.7265608 -7.838968 1.3256719 58.389256 0.23224520683288574 0.49377724528312683
Car 0.0 0 0.4659428298473358 181.91282653808594 186.44850158691406 416.552001953125 263.8403625488281 4.080608 1.4277258 1.5467004 -6.2023616 1.718698 14.522905 0.0623164176940918 0.47907495498657227
Car 0.0 0 -2.848280191421509 482.673583984375 174.45777893066406 539.7037353515625 195.002685546875 3.8801627 1.4836016 1.6116072 -7.3172693 1.6050403 53.372345 -2.9845292568206787 0.3077194094657898
Car 0.0 0 0.3155349791049957 317.09521484375 181.98648071289062 469.6717224121094 230.33265686035156 4.020403 1.3470846 1.5481606 -6.3470273 1.626713 21.237453 0.025124311447143555 0.3041608929634094
