Car 0.0 0 -2.7569432258605957 245.12374877929688 180.0665740966797 430.4481201171875 246.52163696289062 3.857283 1.5085485 1.64265 -6.5299253 1.6919554 17.437435 -3.11525559425354 0.9749099612236023
Car 0.0 0 -1.7247601747512817 662.2402954101562 180.35227966308594 734.97705078125 235.1479034423828 4.016555 1.5206276 1.6407429 2.6321433 1.7772256 22.616423 -1.608899474143982 0.9740159511566162
Car 0.0 0 -1.687383770942688 644.7222290039062 179.76541137695312 691.3153686523438 215.74359130859375 4.0756607 1.5432717 1.6998614 2.615204 1.8873601 33.812294 -1.6101926565170288 0.8729128837585449
Car 0.0 0 0.21426376700401306 392.4256286621094 173.7594757080078 498.9830322265625 216.43319702148438 3.9496384 1.676411 1.6386074 -6.6331363 1.714486 29.214983 -0.008996951393783092 0.7838565707206726
Car 0.0 0 -1.633170247077942 635.0551147460938 180.4917449951172 664.5440673828125 206.49417114257812 3.6592932 1.5389411 1.6291134 2.4471223 2.0416417 45.616875 -1.5795764923095703 0.7599906325340271
Car 0.0 0 -2.7819418907165527 324.29412841796875 179.36468505859375 468.71563720703125 234.2377471923828 3.9472313 1.5974915 1.5918614 -6.5397077 1.8063118 22.162626 -3.0688772201538086 0.7388713359832764
Car 0.0 0 -2.729916572570801 293.3675537109375 181.16668701171875 472.142822265625 239.42916870117188 4.411425 1.4924803 1.5976789 -6.2172146 1.7329227 19.80558 -3.034087657928467 0.7235146164894104
Car 0.0 0 0.1300538331270218 433.8174133300781 179.24102783203125 523.7032470703125 210.67599487304688 4.2643795 1.5239788 1.7774199 -6.592256 1.8551253 36.373585 -0.04923747852444649 0.7080242037773132
Car 0.0 0 3.086193084716797 471.2213134765625 183.2100067138672 536.6761474609375 209.28721618652344 3.8378239 1.5035496 1.619275 -6.477212 2.148295 43.714878 2.939093828201294 0.5090262293815613
Car 0.0 0 0.3271009922027588 376.06634521484375 182.4998779296875 493.99517822265625 222.35350036621094 3.9798017 1.4151249 1.6836995 -6.567912 1.7917432 27.12611 0.08954763412475586 0.42324304580688477
Car 0.0 0 -2.734400749206543 413.509521484375 174.04510498046875 508.9266662597656 213.5577392578125 3.7554498 1.668549 1.6744598 -6.556366 1.7232847 31.738247 -2.9381115436553955 0.3705715537071228
