Pedestrian 0.0 0 1.8241310119628906 397.1529846191406 162.164794921875 436.42901611328125 244.12942504882812 0.72105914 1.7635735 0.6780858 -4.2948794 1.5339394 15.886196 1.5600903034210205 0.7614558339118958
Pedestrian 0.0 0 -2.0380396842956543 885.8634033203125 153.1656951904297 951.362060546875 276.412841796875 0.606625 1.6921164 0.6485413 4.309673 1.4221643 10.228363 -1.6392687559127808 0.6911627650260925
Car 0.0 0 -1.9948697090148926 765.8214721679688 177.289306640625 1242.0 375.0 3.7980006 1.5438665 1.6251324 2.4181685 1.5906683 5.63873 -1.589742660522461 0.9963870048522949
Car 0.0 0 -1.816344976425171 712.1900634765625 186.7030487060547 875.6976318359375 304.6851501464844 3.4517264 1.4481322 1.5596387 2.5580008 1.6930646 11.000698 -1.5878742933273315 0.9949754476547241
Car 0.0 0 1.8059579133987427 397.32220458984375 182.69723510742188 535.0736694335938 284.2661437988281 4.0282636 1.5528483 1.5970064 -2.5495963 1.7650558 13.476206 1.6189755201339722 0.9932479858398438
Car 0.0 0 1.8416913747787476 239.94497680664062 188.7512664794922 484.6021728515625 369.77642822265625 3.7856543 1.502711 1.5968603 -2.5597827 1.7268844 8.2395315 1.5404736995697021 0.991378664970398
Car 0.0 0 1.672025442123413 552.3370361328125 179.37171936035156 589.3182373046875 209.4583740234375 4.1948433 1.5716813 1.6710066 -2.1946943 1.9594345 40.74883 1.6182183027267456 0.9723080396652222
Car 0.0 0 -1.6975445747375488 663.7612915039062 177.67108154296875 719.5184936523438 225.5393524169922 3.7892067 1.631159 1.5802813 2.9253366 1.8237147 26.877308 -1.5891309976577759 0.9712221622467041
Car 0.0 0 1.4552805423736572 650.5147705078125 178.99855041503906 686.4507446289062 209.84559631347656 3.8051019 1.574764 1.5243577 3.1218987 1.92821 39.53011 1.5340921878814697 0.8902737498283386
Car 0.0 0 1.6172713041305542 569.9701538085938 180.6417999267578 594.2035522460938 203.08279418945312 3.9093783 1.5944422 1.6541241 -2.105564 2.2051537 54.585213 1.578716516494751 0.5638843774795532
