Car 0.0 0 -1.9850422143936157 784.04443359375 193.47958374023438 1096.919189453125 375.0 3.2722085 1.4157132 1.5918552 2.9444978 1.6725442 7.3091707 -1.602081537246704 0.9966141581535339
Car 0.0 0 2.88468861579895 719.6256713867188 180.0150604248047 866.3524780273438 225.6005859375 4.6762023 1.5131955 1.6345536 6.232395 1.7707394 25.062891 3.12841534614563 0.9842867851257324
Car 0.0 0 -3.399040937423706 794.773193359375 180.56646728515625 1002.966064453125 250.3681182861328 4.31045 1.5328162 1.6263583 6.6563845 1.7275003 17.125843 -3.0283355712890625 0.9723177552223206
Car 0.0 0 0.42325013875961304 84.2280502319336 186.81369018554688 349.1748046875 286.42828369140625 3.4529133 1.474795 1.6819317 -6.3670907 1.72401 11.903801 -0.0679096207022667 0.9701443314552307
Car 0.0 0 0.14186730980873108 400.2734069824219 182.77134704589844 501.82586669921875 222.22303771972656 4.0323615 1.6001242 1.608757 -6.736041 2.0354557 30.692177 -0.0741783007979393 0.9688853025436401
Car 0.0 0 0.12454733997583389 434.5557861328125 176.3054656982422 523.4548950195312 214.54266357421875 4.1766906 1.8440542 1.7198937 -6.503837 2.021007 35.942543 -0.054466553032398224 0.9334706664085388
Car 0.0 0 -3.432417869567871 828.9191284179688 181.59620666503906 1066.4102783203125 260.19781494140625 4.057798 1.4510385 1.6574656 6.627732 1.6421958 14.652587 -3.007632255554199 0.9207638502120972
Car 0.0 0 0.739745557308197 0.0 195.6151885986328 256.2988586425781 369.0730285644531 4.054034 1.4673545 1.5765486 -5.9939723 1.7231749 7.2139583 0.04645371437072754 0.9026680588722229
Car 0.0 0 -2.744907855987549 293.600830078125 174.9037322998047 446.0573425292969 233.0985870361328 3.923491 1.6268655 1.639086 -7.034922 1.6902109 21.203032 -3.065267324447632 0.48762595653533936
Car 0.0 0 -1.5249475240707397 542.9359130859375 183.92062377929688 563.4556884765625 203.51876831054688 3.6741261 1.5155364 1.5295724 -4.7015724 2.4610064 59.757046 -1.603463888168335 0.4146553874015808
