Car 0.0 0 -1.9290766716003418 789.3606567382812 194.2428741455078 1083.9180908203125 371.4902648925781 3.7431257 1.3708982 1.5983709 3.146609 1.6620654 7.920413 -1.550918698310852 0.9977770447731018
Car 0.0 0 -1.7151559591293335 678.5986328125 178.31016540527344 735.6531982421875 223.5586395263672 3.6285908 1.527398 1.5641564 3.4687238 1.7428735 26.619274 -1.585577368736267 0.9923608899116516
Car 0.0 0 -1.8181668519973755 730.0457153320312 173.24993896484375 882.2269897460938 274.5775146484375 3.9085183 1.5784155 1.7205848 3.3328495 1.5870942 13.206581 -1.5709656476974487 0.9921631217002869
Car 0.0 0 0.45266252756118774 41.24824142456055 183.4580078125 352.916259765625 289.3492126464844 3.99254 1.516693 1.5977057 -6.39689 1.6984429 11.427283 -0.05766666680574417 0.9895188212394714
Car 0.0 0 3.461343288421631 246.5653839111328 180.72930908203125 425.6866760253906 250.03114318847656 3.6136556 1.528567 1.6476303 -6.3961167 1.7243912 17.010668 3.1016907691955566 0.9596003890037537
Car 0.0 0 0.23235508799552917 385.9634704589844 176.3604278564453 510.4348449707031 223.99716186523438 4.1752095 1.6760334 1.6132313 -5.883452 1.8084507 26.339006 0.012588739395141602 0.9352317452430725
Car 0.0 0 -2.849393367767334 326.2601013183594 179.15005493164062 473.04345703125 233.85293579101562 3.906622 1.5560968 1.6229101 -6.247739 1.7517228 21.544458 -3.1316442489624023 0.8626297116279602
Car 0.0 0 -2.8897128105163574 504.36773681640625 176.6715087890625 561.7967529296875 200.09764099121094 3.6838644 1.582673 1.6178191 -5.3554473 1.8540782 50.159805 -2.996077537536621 0.8173993825912476
Car 0.0 0 0.30756431818008423 307.6156921386719 183.4561004638672 474.3971862792969 241.1771240234375 3.9290895 1.4360412 1.5500134 -5.743893 1.7281282 19.04742 0.014679193496704102 0.762344241142273
Car 0.0 0 -0.2442055344581604 719.8950805664062 178.13916015625 811.605224609375 211.18026733398438 3.908626 1.4911398 1.6358986 7.1938753 1.7450382 33.72695 -0.034057192504405975 0.68055659532547
Car 0.0 0 -2.8645660877227783 378.77508544921875 182.13197326660156 517.2839965820312 225.33694458007812 4.228345 1.362254 1.621604 -5.3843555 1.684198 24.07671 -3.0845794677734375 0.5152168869972229
Car 0.0 0 0.05822761729359627 525.5951538085938 171.53981018066406 575.2020263671875 195.08583068847656 3.6949594 1.7740986 1.6837181 -4.5595703 1.6754365 55.248394 -0.02411433681845665 0.40335407853126526
Car 0.0 0 0.45921510457992554 437.6476745605469 182.40072631835938 526.91357421875 217.90650939941406 3.488662 1.4566422 1.614708 -5.6062646 1.8910587 31.540497 0.28330421447753906 0.38553714752197266
Car 0.0 0 -0.24743160605430603 694.646240234375 180.3574676513672 776.3601684570312 207.50477600097656 4.651166 1.5982344 1.636742 7.5881763 2.0667357 44.019962 -0.07672887295484543 0.3432244062423706
