Pedestrian 0.0 0 -2.510016441345215 732.7393188476562 168.7984619140625 814.4676513671875 311.1714172363281 0.8589565 1.7483295 0.5738846 2.183034 1.593695 9.331261 -2.2802011966705322 0.8616350889205933
Pedestrian 0.0 0 -1.0566926002502441 359.3872375488281 170.69334411621094 424.8519287109375 291.2734680175781 0.8905572 1.799134 0.6271428 -3.2970817 1.639199 11.220102 -1.342502236366272 0.7416157126426697
Pedestrian 0.0 0 -0.7124937176704407 637.8866577148438 175.23953247070312 675.4187622070312 245.63430786132812 0.7504552 1.7920282 0.62631357 1.40899 1.6338354 18.758904 -0.6375240087509155 0.6282719373703003
Pedestrian 0.0 0 -1.8465021848678589 686.4833984375 175.96949768066406 729.3033447265625 272.9762268066406 0.81258863 1.7258664 0.57674855 1.9079616 1.6287445 13.2182255 -1.7031490802764893 0.4299665689468384
Pedestrian 0.0 0 -2.2064106464385986 511.6929626464844 178.98269653320312 542.3101806640625 230.07421875 0.78644097 1.5689789 0.6073419 -2.3658464 1.4927895 22.55201 -2.310934543609619 0.3780269920825958
Pedestrian 0.0 0 -1.7310720682144165 775.818603515625 164.33148193359375 814.95166015625 253.79969787597656 1.0906295 1.6856884 0.5699798 3.753641 1.3634726 14.102686 -1.4709380865097046 0.3490045666694641
Pedestrian 0.0 0 -0.18704575300216675 704.2509765625 166.7689208984375 765.9247436523438 271.0512390136719 0.90311843 1.6704879 0.568121 2.1398115 1.4358063 11.791774 -0.00753273069858551 0.34606629610061646
Pedestrian 0.0 0 1.3017953634262085 731.5474243164062 165.47242736816406 770.4779052734375 241.55838012695312 0.87316 1.6860592 0.657439 3.3627443 1.3321084 16.373075 1.5043610334396362 0.3355747163295746
Cyclist 0.0 0 0.779497504234314 0.0 198.66664123535156 123.64993286132812 342.13897705078125 1.7628218 1.6011008 0.6327772 -6.772869 1.8159236 8.5211525 0.10791683197021484 0.3036150336265564
Car 0.0 0 1.6988080739974976 549.3468017578125 183.88153076171875 597.2724609375 217.7239227294922 4.0705056 1.4195753 1.6619917 -1.2208854 1.5352876 32.525486 1.6612894535064697 0.9796827435493469
