Car 0.0 0 -1.687462329864502 670.0248413085938 178.02883911132812 734.7445678710938 227.24061584472656 4.2387896 1.476713 1.6473988 2.960995 1.6660163 24.218733 -1.5658055543899536 0.9947136044502258
Car 0.0 0 -1.727357268333435 697.0169677734375 182.6542205810547 807.6278686523438 261.7806701660156 4.030539 1.356756 1.5813202 2.7343452 1.5872608 14.907437 -1.5459522008895874 0.9942505359649658
Car 0.0 0 0.6350395679473877 0.0 191.05816650390625 329.2643127441406 327.6815490722656 4.3111463 1.450789 1.6648133 -5.9651628 1.6970121 8.823225 0.04055166244506836 0.9898566007614136
Car 0.0 0 0.40833163261413574 223.1229248046875 169.04803466796875 430.6812744140625 251.32496643066406 4.0005436 1.738111 1.6381763 -6.2740407 1.6580676 16.133223 0.037439823150634766 0.9883909225463867
Car 0.0 0 0.3755863308906555 327.3224792480469 176.58499145507812 480.958984375 228.19488525390625 4.070514 1.4461058 1.6005754 -6.0767937 1.5620542 21.35501 0.09835362434387207 0.9831206798553467
Car 0.0 0 1.609246850013733 553.8746948242188 178.6481170654297 586.0479736328125 205.99290466308594 3.7052739 1.3848313 1.6056483 -2.1694179 1.7149389 39.194935 1.553953766822815 0.9594494104385376
Car 0.0 0 -1.6875251531600952 647.7649536132812 173.602783203125 681.1166381835938 199.66445922851562 3.6592495 1.465809 1.537258 3.1351085 1.5122553 42.547344 -1.6139729022979736 0.9501598477363586
Car 0.0 0 0.3954889178276062 372.90850830078125 179.23480224609375 505.4876403808594 225.51011657714844 4.029253 1.4566201 1.5317762 -5.70893 1.6796099 24.090046 0.16279864311218262 0.8903090953826904
Car 0.0 0 0.48479002714157104 425.4176940917969 176.04107666015625 524.020263671875 215.34458923339844 3.7897582 1.5790153 1.6028349 -5.750216 1.7200531 30.522957 0.2985825538635254 0.7942452430725098
Car 0.0 0 0.11702267825603485 489.56396484375 171.93240356445312 550.8418579101562 195.1662139892578 3.7220619 1.457137 1.5958457 -5.729904 1.3996962 46.059868 -0.006742718163877726 0.607206404209137
Car 0.0 0 -2.556710720062256 90.35008239746094 165.4893798828125 393.2939147949219 279.3612365722656 4.2288785 1.6908147 1.5769677 -5.9325075 1.5818198 11.740879 -3.02457857131958 0.3888246417045593
Car 0.0 0 -2.521064043045044 265.3794860839844 175.1825408935547 431.0780334472656 236.43089294433594 3.8175306 1.4730359 1.6159077 -6.8172436 1.5380414 18.738932 -2.869980573654175 0.36754748225212097
