Car 0.0 0 1.677750825881958 440.1715087890625 179.66806030273438 503.40411376953125 226.0046844482422 3.6528485 1.4387467 1.7093592 -4.536794 1.2676245 24.204319 1.4924633502960205 0.9892045855522156
Car 0.0 0 -1.7041176557540894 542.1950073242188 178.31243896484375 617.0826416015625 238.47496032714844 3.8090165 1.5090662 1.5675864 -0.91860384 1.3370417 20.041075 -1.7499216794967651 0.9852479696273804
Car 0.0 0 1.9488455057144165 87.4363784790039 188.09918212890625 289.00689697265625 292.4869689941406 4.039844 1.4819542 1.5879004 -7.009165 1.5414047 12.426706 1.4352866411209106 0.9798890948295593
Car 0.0 0 1.8452043533325195 249.57318115234375 186.99131774902344 352.2786865234375 242.08966064453125 4.2153187 1.4156691 1.6396639 -8.766938 1.4736061 20.800634 1.4463236331939697 0.9637876152992249
Car 0.0 0 1.8955843448638916 231.98956298828125 170.74864196777344 297.60479736328125 212.3166961669922 3.6421978 1.6910334 1.4792987 -14.805538 1.1036295 31.136131 1.4517199993133545 0.9473705291748047
Car 0.0 0 2.0242197513580322 133.36976623535156 181.5459442138672 252.76882934570312 235.0172576904297 3.8681989 1.4768059 1.600178 -12.474897 1.3765837 21.832506 1.5051019191741943 0.9125341773033142
Car 0.0 0 1.816794514656067 343.9662780761719 184.6391143798828 403.9807434082031 217.77523803710938 4.106054 1.3993949 1.6241025 -10.50361 1.3761759 32.457493 1.503819227218628 0.8996521830558777
Car 0.0 0 2.272233724594116 0.0 177.2664794921875 110.51569366455078 278.69622802734375 4.3090487 1.5940835 1.6437838 -11.652242 1.4702835 13.45822 1.5586333274841309 0.823981761932373
Car 0.0 0 1.6005417108535767 414.0274658203125 178.89988708496094 435.68817138671875 198.16416931152344 3.686935 1.4496391 1.5302852 -14.249654 0.9755055 56.055954 1.3516101837158203 0.6638944745063782
Car 0.0 0 1.923572063446045 342.52813720703125 178.52096557617188 380.1504211425781 198.5892333984375 3.6968005 1.4766468 1.5292763 -18.740255 0.9851719 54.75601 1.593817949295044 0.5876337289810181
Car 0.0 0 2.3765549659729004 0.0 218.35328674316406 118.77644348144531 376.0 3.932901 1.5749896 1.5551604 -6.507575 1.9602853 6.3568354 1.5794397592544556 0.35556432604789734
