Car 0.0 0 -1.7560895681381226 694.7804565429688 176.3280487060547 807.5320434570312 258.80841064453125 3.8180187 1.5033419 1.6134281 2.7791276 1.5862159 15.222409 -1.5755101442337036 0.9973506927490234
Car 0.0 0 1.7821619510650635 392.4394226074219 181.42788696289062 516.1720581054688 267.87725830078125 4.1664057 1.5261898 1.6913115 -3.1612282 1.7324805 15.238656 1.5776152610778809 0.9954158067703247
Car 0.0 0 1.8621413707733154 278.3431091308594 188.80540466308594 483.2444152832031 332.3965759277344 3.6727104 1.4820077 1.5785819 -2.8730924 1.7373363 9.691638 1.573944091796875 0.995403528213501
Car 0.0 0 1.6225273609161377 509.29608154296875 177.69253540039062 554.7315673828125 219.9958953857422 3.7334316 1.5031263 1.5609384 -3.0069964 1.7039096 27.978258 1.5154621601104736 0.9896904230117798
Car 0.0 0 -1.7575410604476929 654.58984375 173.93446350097656 718.4930419921875 221.94741821289062 3.9090428 1.576187 1.553156 2.6086118 1.6181822 25.788757 -1.6567308902740479 0.9881085753440857
Car 0.0 0 -1.7305208444595337 671.9920654296875 180.09201049804688 749.2184448242188 236.49209594726562 3.5934038 1.4406685 1.6209301 2.74639 1.6670812 20.71341 -1.5986998081207275 0.9797222018241882
Car 0.0 0 1.6431732177734375 537.7099609375 174.4027557373047 574.3541259765625 204.4503631591797 4.009129 1.5459623 1.707716 -2.9270785 1.6350604 39.33367 1.568893551826477 0.8888862729072571
Car 0.0 0 -1.5567752122879028 634.3215942382812 172.15939331054688 660.2572021484375 196.70458984375 4.0046997 1.5910599 1.6810216 2.51897 1.5463926 48.82167 -1.5052255392074585 0.8032963275909424
Car 0.0 0 1.8435662984848022 331.9678955078125 164.22061157226562 404.9651184082031 214.02670288085938 4.0098095 1.6719438 1.4895476 -8.731128 1.3824868 26.257086 1.5225437879562378 0.48584312200546265
Car 0.0 0 -1.6611905097961426 650.076904296875 168.9568634033203 696.6150512695312 210.89663696289062 3.4469638 1.6679038 1.6378357 2.574253 1.5132766 30.420439 -1.5767691135406494 0.37245991826057434
Car 0.0 0 -1.605434536933899 625.1599731445312 171.42835998535156 645.4244384765625 191.11119079589844 4.0338926 1.6322373 1.5916218 2.11773 1.5143704 61.849438 -1.571207880973816 0.3525741696357727
Car 0.0 0 1.7445727586746216 466.17291259765625 174.2754669189453 510.8231201171875 206.83592224121094 4.036703 1.5446948 1.5485307 -6.110104 1.6208118 36.4285 1.5783909559249878 0.34426575899124146
