Pedestrian 0.0 0 -1.2336137294769287 459.2523498535156 170.4638214111328 478.78582763671875 210.32383728027344 0.7040797 1.7898884 0.6774466 -6.4439373 1.6829171 32.79421 -1.427638053894043 0.43516671657562256
Car 0.0 0 1.7638092041015625 439.1834716796875 179.52906799316406 509.9016418457031 227.60743713378906 4.046977 1.5155263 1.6909735 -4.702763 1.7691008 25.337063 1.580289602279663 0.9934337139129639
Car 0.0 0 -1.6922732591629028 662.4794921875 174.83798217773438 723.050048828125 224.5654754638672 3.7156625 1.5741801 1.6156254 2.729088 1.6480229 24.854843 -1.5829102993011475 0.992935836315155
Car 0.0 0 -1.8470906019210815 737.7316284179688 180.16944885253906 906.9064331054688 299.98028564453125 3.4433758 1.5162723 1.5473596 3.0044606 1.6464398 11.070317 -1.5820763111114502 0.9914660453796387
Car 0.0 0 -2.032269239425659 789.9400024414062 187.5911865234375 1156.8265380859375 375.0 3.403468 1.4813453 1.4885212 2.8346105 1.6515617 6.573931 -1.6251676082611084 0.9906372427940369
Car 0.0 0 1.74944269657135 471.90875244140625 174.5615692138672 527.1943969726562 216.5025634765625 3.990208 1.6584688 1.6417294 -4.666935 1.7362857 30.710392 1.5986305475234985 0.9902806282043457
Car 0.0 0 -1.725785255432129 672.4081420898438 179.1997528076172 765.0906982421875 246.2500457763672 4.277385 1.4932736 1.6849867 2.6225474 1.6763769 18.624937 -1.585896611213684 0.9842091202735901
Car 0.0 0 2.13948392868042 0.0 192.18959045410156 312.272705078125 375.0 3.9361656 1.5296932 1.6263666 -4.40724 1.7618858 6.668209 1.5554611682891846 0.9806597828865051
Car 0.0 0 1.7239421606063843 494.3148498535156 173.17083740234375 540.7400512695312 209.1536865234375 4.1305513 1.70818 1.711097 -4.634007 1.7254287 36.374065 1.5972261428833008 0.9725080132484436
Car 0.0 0 -1.6747174263000488 645.7391357421875 175.70191955566406 689.6218872070312 211.62136840820312 3.8928566 1.5455562 1.6121368 2.566127 1.6852182 33.323376 -1.5978622436523438 0.862877368927002
Car 0.0 0 3.5071589946746826 194.02584838867188 178.5148162841797 361.5318298339844 229.53355407714844 4.05384 1.3761761 1.5397509 -9.409297 1.544871 20.55643 3.077895402908325 0.6771902441978455
