Car 0.0 0 1.7987961769104004 404.65643310546875 183.37217712402344 495.6716613769531 240.52899169921875 4.1944976 1.4430132 1.6826099 -4.5897727 1.7817104 21.098345 1.5845917463302612 0.9991980195045471
Car 0.0 0 -1.726542592048645 705.9466552734375 178.15966796875 783.1455078125 235.7019500732422 3.8654642 1.4951302 1.6075977 3.775249 1.664663 21.05432 -1.549118161201477 0.9965529441833496
Car 0.0 0 -1.7948975563049316 726.7755737304688 177.07125854492188 844.2422485351562 257.43048095703125 4.041927 1.5200341 1.6064514 3.6486244 1.6250451 15.880117 -1.5690566301345825 0.9964214563369751
Car 0.0 0 1.892246961593628 332.4204406738281 183.9075469970703 459.13763427734375 266.3371276855469 3.7084777 1.5318217 1.5502007 -4.5801854 1.8030283 15.794128 1.6099960803985596 0.9954155683517456
Car 0.0 0 2.0206377506256104 122.6570816040039 189.64990234375 380.7291259765625 330.9289245605469 3.9606898 1.501868 1.6203266 -4.7338505 1.7844615 10.131352 1.583533525466919 0.9944979548454285
Car 0.0 0 -1.9237433671951294 785.8181762695312 182.81947326660156 987.9344482421875 308.279541015625 3.5593138 1.4914422 1.5819899 3.7854578 1.6635962 10.647393 -1.5821514129638672 0.9909089207649231
Car 0.0 0 1.685771107673645 509.5902404785156 179.50399780273438 549.9713745117188 210.11337280273438 3.9676058 1.4567387 1.6247828 -4.116461 1.8181758 37.187405 1.575524926185608 0.9867126941680908
Car 0.0 0 -1.6838362216949463 697.8579711914062 176.89910888671875 751.6519165039062 223.6270751953125 3.476149 1.5855664 1.5579865 4.114229 1.744726 26.55483 -1.5301250219345093 0.9859259724617004
Car 0.0 0 -2.195028781890869 917.264892578125 184.44403076171875 1242.0 375.0 4.1155844 1.4783235 1.679436 3.7750278 1.5929589 5.0383954 -1.5520066022872925 0.9732080698013306
Car 0.0 0 1.677276611328125 527.9624633789062 176.4275360107422 564.8692626953125 205.52529907226562 4.1159105 1.5877607 1.7108134 -3.6792197 1.8061789 41.95222 1.589800238609314 0.7639643549919128
Car 0.0 0 0.7223130464553833 1082.114501953125 149.27362060546875 1242.0 219.1179962158203 3.4162257 1.7930827 1.6270764 15.402117 1.1880723 20.357002 1.3700250387191772 0.36516568064689636
