Car 0.0 0 -1.4832170009613037 460.2295837402344 184.64361572265625 527.12890625 237.09474182128906 3.619186 1.422208 1.6485018 -3.345155 1.4078274 21.349247 -1.6386405229568481 0.9947841763496399
Car 0.0 0 1.981725811958313 5.764218807220459 190.40806579589844 410.4081726074219 376.0 4.079869 1.5256763 1.7199036 -3.294006 1.5914103 6.870496 1.5346592664718628 0.9856114387512207
Car 0.0 0 -1.5617105960845947 561.9877319335938 179.6269073486328 612.84228515625 226.63983154296875 3.4979026 1.4837632 1.6055962 -0.7195783 1.3085082 24.448769 -1.5911341905593872 0.984786331653595
Car 0.0 0 1.7975571155548096 394.41748046875 181.9441680908203 451.7541809082031 214.84837341308594 3.987028 1.4002808 1.6634973 -8.329995 1.2621886 32.60049 1.5473922491073608 0.9605687856674194
Car 0.0 0 1.8782880306243896 361.423828125 178.10018920898438 407.2550048828125 203.96360778808594 3.6663444 1.4078636 1.453534 -12.702407 1.0216656 40.964897 1.5776090621948242 0.9385954737663269
Car 0.0 0 1.6647218465805054 500.32135009765625 180.5164337158203 539.4898071289062 213.04310607910156 3.4772823 1.4899906 1.5582317 -4.2241025 1.2758571 34.684994 1.5435339212417603 0.7964962124824524
Car 0.0 0 2.03102445602417 234.71884155273438 184.3755340576172 317.57598876953125 224.43626403808594 3.3529882 1.4064956 1.4826792 -12.369179 1.3781295 26.932358 1.6004897356033325 0.7349440455436707
Car 0.0 0 2.1962943077087402 0.0 185.2239227294922 164.42369079589844 249.9821014404297 3.455268 1.3619936 1.4063922 -12.2027 1.3633374 16.844284 1.569352149963379 0.6560959815979004
Car 0.0 0 2.356804609298706 0.0 197.92994689941406 121.80208587646484 365.07415771484375 3.5360937 1.395044 1.5053496 -7.498928 1.5706027 8.0636635 1.6076785326004028 0.6364511251449585
Car 0.0 0 1.9157934188842773 266.0899963378906 179.20803833007812 377.7088928222656 241.3690643310547 4.351794 1.570588 1.5408517 -7.96956 1.4199272 20.355888 1.5426262617111206 0.48019275069236755
Car 0.0 0 -2.4455318450927734 136.1571044921875 159.26246643066406 247.07810974121094 196.34864807128906 4.042175 1.5352234 1.5962157 -17.882738 0.46199262 30.884842 -2.970376968383789 0.46372324228286743
Car 0.0 0 1.552976369857788 570.6651611328125 177.92562866210938 588.0067749023438 194.43389892578125 3.5445025 1.4534909 1.502139 -2.6036935 0.8127587 65.10143 1.5130032300949097 0.38521066308021545
