Pedestrian 0.0 0 0.6275172233581543 437.3695983886719 172.97366333007812 465.1995544433594 226.08580017089844 0.5799056 1.6391208 0.6569727 -5.0326843 1.6433104 22.683601 0.40918922424316406 0.4174611568450928
Car 0.0 0 -2.6501641273498535 134.00836181640625 179.3870391845703 377.8311767578125 266.9014587402344 3.7767832 1.5141443 1.6313177 -6.5544496 1.6448479 13.503546 -3.10205340385437 0.9855098724365234
Car 0.0 0 -1.7452235221862793 672.202880859375 179.11549377441406 762.8897705078125 247.8247833251953 3.9288068 1.5534796 1.6294777 2.6125782 1.7331302 18.665867 -1.60616135597229 0.9836094379425049
Car 0.0 0 -1.6862789392471313 650.8372802734375 179.0483856201172 702.5213623046875 220.01199340820312 3.9578876 1.5357715 1.6539719 2.6288931 1.8079089 29.654158 -1.5978583097457886 0.9744392037391663
Car 0.0 0 -1.64731764793396 636.2515869140625 178.58372497558594 670.3848266601562 207.25381469726562 4.2249603 1.5467594 1.6499609 2.4319482 1.8967775 41.902164 -1.5893439054489136 0.9355860948562622
Car 0.0 0 -1.7500754594802856 658.1466064453125 184.10963439941406 725.9036865234375 233.9932861328125 3.9181802 1.5026613 1.6060561 2.6688652 1.9189901 24.651474 -1.6422315835952759 0.9120001792907715
Car 0.0 0 -2.577758550643921 226.6477508544922 178.6371612548828 441.3533935546875 251.79441833496094 4.2305884 1.4740276 1.59217 -6.087807 1.6116294 15.922596 -2.942946672439575 0.851260781288147
Car 0.0 0 -2.827336549758911 339.5072021484375 179.59817504882812 472.6302490234375 229.3495330810547 3.7825944 1.517694 1.6705179 -6.5235243 1.7430998 23.164589 -3.1018433570861816 0.851158082485199
Car 0.0 0 3.379722833633423 354.45947265625 173.063232421875 485.1907653808594 222.09207153320312 4.159825 1.6582425 1.6276722 -6.625757 1.6661736 25.260166 3.1232011318206787 0.823994517326355
Car 0.0 0 -2.7737553119659424 252.49403381347656 175.48533630371094 437.2251892089844 241.1251678466797 4.0930214 1.5802891 1.5911107 -6.6652007 1.65031 18.267324 -3.1236155033111572 0.7877844572067261
Car 0.0 0 -1.5094228982925415 627.6166381835938 179.31886291503906 652.0390014648438 200.06129455566406 3.9610794 1.4183216 1.5429591 2.1813993 1.9088982 52.661026 -1.4680231809616089 0.6448869109153748
Car 0.0 0 -1.9785373210906982 436.3172607421875 177.23980712890625 503.7660827636719 213.53024291992188 3.809523 1.5361536 1.6507963 -6.506239 1.7499208 33.06929 -2.1728017330169678 0.4860157072544098
Car 0.0 0 0.20006872713565826 453.7684326171875 179.70220947265625 530.7968139648438 207.681396484375 4.0054145 1.5079674 1.5350758 -6.5480475 1.8973547 40.142136 0.03837132453918457 0.44108492136001587
Car 0.0 0 -2.419588327407837 0.0 208.3843994140625 308.18072509765625 373.4552307128906 3.8364189 1.4584713 1.5861126 -5.5482264 1.8906925 7.7819624 -3.038959264755249 0.41942858695983887
Car 0.0 0 0.0845906138420105 477.4494934082031 175.97891235351562 533.1348266601562 202.34617614746094 3.3124144 1.601625 1.5320156 -6.514332 1.8001616 44.893322 -0.05951052904129028 0.38237449526786804
