Car 0.0 0 -1.892383337020874 750.1510009765625 187.60855102539062 989.0086669921875 343.510009765625 3.554809 1.4268036 1.5732629 2.792897 1.6421754 8.725465 -1.582602620124817 0.9960353970527649
Car 0.0 0 3.3723127841949463 334.0034484863281 179.3986358642578 467.3642578125 232.54788208007812 3.802624 1.6103972 1.6902792 -6.6407123 1.8281895 23.02994 3.0915768146514893 0.993044912815094
Car 0.0 0 0.5737293362617493 33.91117858886719 178.28497314453125 369.1571960449219 283.13348388671875 4.4161105 1.4942591 1.6270828 -6.316389 1.587154 11.335367 0.0653533935546875 0.987138569355011
Car 0.0 0 3.361325263977051 361.74749755859375 177.01309204101562 481.76666259765625 225.57968139648438 3.8340235 1.6440942 1.633712 -6.6130095 1.7962906 25.456493 3.107166051864624 0.9859126210212708
Car 0.0 0 -1.6345024108886719 637.562744140625 178.9996337890625 670.3073120117188 208.6680908203125 4.076852 1.6279694 1.6581986 2.5066185 2.0075486 42.477985 -1.5755609273910522 0.978143572807312
Car 0.0 0 -2.705996513366699 210.432861328125 178.84454345703125 428.3724060058594 250.65164184570312 4.1763954 1.4820027 1.6446651 -6.3816743 1.6228604 15.982538 -3.085891008377075 0.9705317616462708
Car 0.0 0 0.11903951317071915 444.8425598144531 176.78489685058594 527.0061645507812 211.2064666748047 3.959946 1.7013862 1.7027348 -6.3168707 1.9075843 36.829395 -0.05082475394010544 0.9494491219520569
Car 0.0 0 -2.780196189880371 271.949951171875 174.95144653320312 442.586181640625 241.49801635742188 3.8112273 1.6209553 1.575383 -6.4293413 1.6774265 18.462954 -3.11529278755188 0.9400202035903931
Car 0.0 0 -2.574766159057617 138.10032653808594 177.68748474121094 367.4391174316406 264.3446960449219 3.622869 1.5155125 1.5883474 -6.748335 1.6143683 13.713494 -3.032069444656372 0.9396219849586487
Car 0.0 0 -3.492063045501709 822.7872314453125 173.39691162109375 1064.6802978515625 258.57891845703125 3.8729305 1.5164845 1.6326443 6.1758018 1.5279466 13.804925 -3.0714049339294434 0.9282842874526978
Car 0.0 0 2.650761127471924 760.8973999023438 179.99754333496094 928.0966186523438 241.57217407226562 3.9672782 1.51803 1.5396163 6.1328673 1.7191269 19.158615 2.960563898086548 0.8997242450714111
Car 0.0 0 0.7491245865821838 0.0 187.6409149169922 276.9411926269531 331.25244140625 4.006216 1.4796791 1.59495 -6.3944554 1.6784308 8.659624 0.11307477951049805 0.895159900188446
Car 0.0 0 -0.21848048269748688 707.5462646484375 180.20025634765625 827.954833984375 222.0283660888672 4.1271033 1.4971693 1.6949112 5.7883425 1.7811176 26.988728 -0.007208479568362236 0.8097280263900757
Car 0.0 0 -0.2759057283401489 733.1887817382812 183.86709594726562 865.9542846679688 226.48208618164062 4.0202584 1.3513808 1.5555491 6.2277956 1.7326503 24.128748 -0.02331174910068512 0.7285226583480835
Car 0.0 0 -0.1066017746925354 709.5634765625 173.44003295898438 821.8106079101562 219.02725219726562 4.2604084 1.7685152 1.6674045 6.1477804 1.7933286 29.06156 0.1018681526184082 0.6502901911735535
Car 0.0 0 -2.9480347633361816 454.59381103515625 178.04067993164062 534.3574829101562 207.52694702148438 4.0745406 1.5629004 1.5805923 -6.3056703 1.8527292 39.405632 -3.1067090034484863 0.3512463867664337
