Cyclist 0.0 0 1.600517749786377 471.51531982421875 171.3963165283203 493.9460754394531 243.1333465576172 1.7067024 1.7794265 0.5286058 -3.3472698 1.7436271 18.777708 1.4241130352020264 0.9436129927635193
Car 0.0 0 -1.6861566305160522 630.5328369140625 179.44290161132812 684.5288696289062 220.7783966064453 4.0737104 1.4585757 1.6293865 1.7405896 1.7354255 28.197647 -1.6245067119598389 0.9947777986526489
Car 0.0 0 0.6405646204948425 0.0 188.7767791748047 232.8065643310547 330.0971984863281 4.2059364 1.4606022 1.6713408 -7.1035867 1.6716307 8.604973 -0.049545399844646454 0.9928104281425476
Car 0.0 0 -0.6047161817550659 884.0765380859375 176.8409423828125 1234.273193359375 304.66851806640625 3.8367872 1.5708053 1.6114653 5.9133673 1.6307174 9.848384 -0.06397295743227005 0.9907666444778442
Car 0.0 0 -3.4765563011169434 782.689208984375 172.60406494140625 1005.7430419921875 255.9263916015625 4.0061717 1.6347226 1.6327263 5.7349205 1.630177 15.028547 -3.1120104789733887 0.9900862574577332
Car 0.0 0 0.5147416591644287 0.0 169.93592834472656 312.7452392578125 286.8298034667969 3.851985 1.6503625 1.6561356 -6.886445 1.6095215 11.090442 -0.04092928767204285 0.9761847257614136
Car 0.0 0 -0.468777596950531 788.6478881835938 182.04624938964844 1065.9957275390625 277.4836120605469 4.1230683 1.5105574 1.6583914 5.3438053 1.68336 12.56829 -0.06675316393375397 0.9718421101570129
Car 0.0 0 -0.72250896692276 1028.169189453125 184.5808868408203 1242.0 353.50628662109375 4.0583262 1.4659462 1.5869257 6.6211543 1.597085 7.2093525 0.0203857421875 0.9575617909431458
Car 0.0 0 -2.81295108795166 351.0865173339844 180.0250701904297 479.856201171875 224.1577911376953 3.9921415 1.4480567 1.5877835 -6.698295 1.7050453 24.895458 -3.0757837295532227 0.8948136568069458
Car 0.0 0 0.2953411638736725 312.44305419921875 172.56845092773438 445.3881530761719 223.02102661132812 3.5866816 1.5001155 1.6604289 -7.111936 1.4919833 22.30489 -0.013319164514541626 0.7047935128211975
Car 0.0 0 3.2612133026123047 438.8787536621094 179.84181213378906 505.4422302246094 209.7483367919922 3.3883507 1.5692698 1.566469 -7.479048 1.9577582 39.176083 3.0725746154785156 0.516139805316925
Car 0.0 0 -2.869194507598877 418.3450927734375 174.1404266357422 504.1172790527344 209.34848022460938 3.8492072 1.6904999 1.6620945 -7.352605 1.7561808 35.673904 -3.0724542140960693 0.3032485544681549
