Car 0.0 0 1.8302563428878784 362.62677001953125 182.30494689941406 489.73101806640625 264.15386962890625 3.6261725 1.4413973 1.5871333 -3.5490546 1.3912687 14.483563 1.5899511575698853 0.9959470629692078
Car 0.0 0 2.060617446899414 153.14779663085938 176.1024627685547 328.7054138183594 261.7041320800781 4.167019 1.6118163 1.6034306 -7.7776103 1.4413519 15.637087 1.599066138267517 0.9926365613937378
Car 0.0 0 2.2018020153045654 1.616853952407837 186.67532348632812 176.2265167236328 249.88885498046875 3.5893095 1.3462054 1.5592586 -12.241094 1.3859162 17.192493 1.5830662250518799 0.9922183752059937
Car 0.0 0 -1.5675469636917114 582.115966796875 179.5573272705078 619.6318969726562 212.78382873535156 3.7819822 1.3973439 1.5779803 -0.33941567 1.1605122 32.1245 -1.578112244606018 0.9867201447486877
Car 0.0 0 1.9179189205169678 317.14483642578125 184.45773315429688 407.7942199707031 233.42648315429688 3.737971 1.3978922 1.4848458 -7.5706224 1.3773861 22.401438 1.5920169353485107 0.9173800945281982
Car 0.0 0 2.2932114601135254 0.0 192.4383087158203 130.9638214111328 329.8810729980469 3.5354602 1.4611814 1.5221127 -8.359662 1.5765789 9.596892 1.5766059160232544 0.9002627730369568
Car 0.0 0 1.724573016166687 486.9913635253906 177.3836212158203 544.5529174804688 222.79049682617188 3.3943849 1.5742284 1.6145779 -3.3809838 1.3038267 26.637276 1.5983213186264038 0.8341099619865417
Car 0.0 0 1.7169816493988037 452.27294921875 179.14378356933594 490.02862548828125 205.28781127929688 3.8548145 1.4212172 1.573744 -7.77447 1.0922731 41.032078 1.5297284126281738 0.7886278629302979
Car 0.0 0 1.8569297790527344 285.30511474609375 174.40838623046875 347.05743408203125 211.51976013183594 3.643445 1.4871721 1.4737805 -12.403863 1.0552201 30.68816 1.4728161096572876 0.3661998510360718
Car 0.0 0 1.9112708568572998 393.21795654296875 184.0502471923828 457.3271179199219 219.0420379638672 3.8528423 1.363464 1.3837601 -7.5675616 1.3191836 29.98912 1.6640876531600952 0.33947527408599854
