Car 0.0 0 -1.7783193588256836 704.902099609375 184.443359375 818.51171875 267.6376647949219 3.561531 1.4836863 1.5961155 2.996865 1.7562572 15.15442 -1.5830832719802856 0.9905130863189697
Car 0.0 0 -2.5109164714813232 0.0 178.6253204345703 319.2101135253906 308.3231201171875 3.963717 1.6149696 1.6380309 -6.3955164 1.7028987 10.005455 -3.0796639919281006 0.9852611422538757
Car 0.0 0 3.782172679901123 0.0 192.5529327392578 262.1040954589844 366.9412841796875 4.074684 1.552873 1.6576504 -6.134114 1.7841879 7.5428114 3.0994107723236084 0.9800692796707153
Car 0.0 0 0.39889153838157654 187.1289520263672 179.7919464111328 424.5249938964844 260.71270751953125 4.202934 1.5545511 1.5861044 -6.161429 1.7049425 14.7983265 0.004361867904663086 0.9771576523780823
Car 0.0 0 0.2766672372817993 301.2376708984375 182.62730407714844 449.807861328125 242.5222930908203 3.517013 1.5294422 1.6791801 -6.3310823 1.8077717 19.617682 -0.03550408408045769 0.9711945056915283
Car 0.0 0 -3.4212193489074707 763.107666015625 182.15785217285156 905.1437377929688 235.4683380126953 3.886824 1.5630826 1.6460876 6.7991915 1.8621156 22.305763 -3.1253485679626465 0.967614471912384
Car 0.0 0 0.18683239817619324 443.37139892578125 178.7979736328125 523.0086059570312 211.54132080078125 3.9518387 1.6955595 1.6403761 -6.761766 2.020182 38.513844 0.013036489486694336 0.9519140124320984
Car 0.0 0 -3.3297183513641357 696.7555541992188 179.44667053222656 814.4901123046875 217.4667510986328 5.006656 1.6641276 1.6883519 6.498315 1.9715645 32.741947 -3.133793830871582 0.932891309261322
Car 0.0 0 -2.616178035736084 110.99510192871094 185.3689727783203 388.03912353515625 278.4952697753906 4.0628605 1.4681718 1.6023293 -6.200568 1.7026262 12.558857 -3.074789524078369 0.8548256754875183
Car 0.0 0 3.209904909133911 471.3177490234375 177.7089080810547 541.3612060546875 206.80694580078125 4.0984955 1.7107772 1.7128619 -6.2715697 2.0123632 43.760258 3.0675575733184814 0.8537452220916748
Car 0.0 0 -3.283567428588867 740.2921142578125 179.70323181152344 875.4619140625 227.558349609375 4.300353 1.5599976 1.7190039 6.693703 1.807742 24.94729 -3.021427869796753 0.5271793603897095
