Car 0.0 0 1.897884726524353 305.26397705078125 188.05325317382812 399.7183837890625 239.85459899902344 3.6663406 1.3816267 1.522992 -7.456181 1.4737743 21.212406 1.559873342514038 0.984358549118042
Car 0.0 0 2.088813304901123 0.0 195.03616333007812 375.36785888671875 376.0 4.0549116 1.4144131 1.6201514 -3.4820187 1.5263736 6.0797544 1.5686914920806885 0.9717112183570862
Car 0.0 0 -1.5479869842529297 582.2010498046875 179.68655395507812 616.4935302734375 210.634033203125 3.5249264 1.4522516 1.6099564 -0.40849522 1.1939203 35.50092 -1.559493064880371 0.9342638254165649
Car 0.0 0 -1.3974838256835938 397.05596923828125 183.6702423095703 451.8779296875 218.2098388671875 3.6804345 1.3807718 1.6531833 -7.774571 1.3201215 30.630709 -1.646051049232483 0.9252630472183228
Car 0.0 0 1.6749863624572754 486.81243896484375 185.28697204589844 529.4127197265625 216.72113037109375 3.82724 1.3872939 1.5877016 -4.6436553 1.3919563 33.669197 1.537930965423584 0.9178246259689331
Car 0.0 0 1.8760735988616943 271.0758056640625 182.93064880371094 339.5057067871094 220.0169677734375 3.705744 1.446079 1.5853118 -12.545829 1.3581115 29.943571 1.4793109893798828 0.9072192311286926
Car 0.0 0 2.1199793815612793 46.67869567871094 184.03085327148438 214.71397399902344 244.0600128173828 4.26046 1.3921767 1.6702238 -12.286543 1.3658293 18.821363 1.541639804840088 0.8984795212745667
Car 0.0 0 1.7585504055023193 420.9971008300781 175.14813232421875 521.5776977539062 252.1770782470703 3.723627 1.6907033 1.7488164 -3.2657192 1.4708619 17.640244 1.5754939317703247 0.8649413585662842
Car 0.0 0 2.1284687519073486 0.0 195.92193603515625 175.4806671142578 322.03106689453125 3.4429617 1.3293139 1.5336071 -7.5294666 1.5012007 9.669634 1.4668691158294678 0.4973508417606354
Car 0.0 0 -1.3913685083389282 433.2655944824219 178.14559936523438 474.6055603027344 206.48524475097656 3.6334078 1.4829901 1.5970708 -8.419217 1.1141492 39.4538 -1.601609468460083 0.3400264084339142
