Car 0.0 0 -1.826735496520996 725.9391479492188 178.44883728027344 920.681396484375 308.76763916015625 4.124829 1.4960226 1.6270758 2.7794168 1.5939952 10.521844 -1.568477749824524 0.9969449639320374
Car 0.0 0 -1.6656999588012695 649.6141967773438 173.53201293945312 690.625732421875 208.2256622314453 3.8241262 1.5146978 1.5296094 2.6978736 1.548342 33.497173 -1.5853331089019775 0.9946276545524597
Car 0.0 0 -1.7774558067321777 672.5153198242188 172.4143524169922 759.3562622070312 237.3031463623047 3.6503234 1.5880151 1.5835385 2.7136316 1.5776137 19.53049 -1.6393963098526 0.9923006296157837
Car 0.0 0 3.844032049179077 0.0 188.58462524414062 207.1288299560547 362.5921325683594 4.2166476 1.4994981 1.5882066 -6.6722493 1.6772636 7.254431 3.1004128456115723 0.9717570543289185
Car 0.0 0 -2.0903570652008057 816.0712890625 181.81480407714844 1242.0 375.0 4.216014 1.542816 1.6770798 2.6634626 1.625929 4.544029 -1.5601868629455566 0.9201399683952332
Car 0.0 0 0.42183786630630493 270.5816345214844 176.20111083984375 443.9166259765625 238.95162963867188 3.8126354 1.4925212 1.5981011 -6.356711 1.5818735 18.221634 0.08618330955505371 0.9094987511634827
Car 0.0 0 0.18537822365760803 404.75933837890625 174.32345581054688 511.6116638183594 214.1507568359375 3.9110498 1.5318214 1.7305428 -6.0190187 1.5925254 28.722149 -0.021192679181694984 0.7886133790016174
Car 0.0 0 -1.70084810256958 624.424072265625 171.54502868652344 647.107421875 188.1628875732422 3.7497323 1.5006889 1.6310612 2.3492253 1.3828391 67.10012 -1.6658517122268677 0.7259431481361389
Car 0.0 0 0.18996736407279968 410.6805419921875 170.76901245117188 514.8152465820312 205.207275390625 4.1415596 1.436525 1.6310467 -6.2938113 1.3499123 30.932573 -0.010761277750134468 0.6640670895576477
Car 0.0 0 3.3658506870269775 303.8887939453125 172.85862731933594 466.82843017578125 225.42269897460938 4.224819 1.4404267 1.5499545 -6.3879337 1.4409237 20.701092 3.0665414333343506 0.33989739418029785
