Car 0.0 0 -1.7945224046707153 726.7713623046875 175.2653350830078 837.0274658203125 255.754638671875 3.6344447 1.6027932 1.6192957 3.693402 1.6636828 16.292109 -1.5715916156768799 0.9974602460861206
Car 0.0 0 1.9724665880203247 139.94754028320312 189.92660522460938 386.1865234375 321.7408752441406 4.318797 1.460398 1.6689892 -4.84366 1.7662952 10.732802 1.5485363006591797 0.9969772100448608
Car 0.0 0 -1.7465556859970093 703.6946411132812 176.56430053710938 783.9832763671875 233.8619842529297 4.083297 1.5439659 1.6622784 3.8741446 1.6666653 21.746664 -1.5702563524246216 0.9951223731040955
Car 0.0 0 -1.8682855367660522 764.5427856445312 180.49249267578125 957.20458984375 303.35064697265625 3.8607454 1.4748638 1.5878441 3.457605 1.6105303 10.839383 -1.559503197669983 0.994959831237793
Car 0.0 0 1.7975841760635376 448.4716796875 181.118896484375 514.7741088867188 225.13925170898438 3.5941806 1.4728131 1.6445923 -4.70793 1.7996916 26.66552 1.6228301525115967 0.9905216693878174
Car 0.0 0 -2.141530990600586 869.5347290039062 182.3580322265625 1242.0 375.0 3.9117806 1.4911821 1.5750097 3.4413269 1.5900989 5.513962 -1.5835707187652588 0.9890405535697937
Car 0.0 0 1.7366242408752441 481.7249755859375 179.28103637695312 534.0625 216.7616424560547 3.9037576 1.5006492 1.6423315 -4.433627 1.7995019 31.535402 1.5969476699829102 0.9754019379615784
Car 0.0 0 2.237751007080078 0.0 203.7743377685547 228.20314025878906 375.0 3.8599808 1.4961295 1.541447 -4.757297 1.8206675 5.605072 1.5339839458465576 0.9482430815696716
Car 0.0 0 -1.7309575080871582 689.6172485351562 178.28732299804688 751.437744140625 221.4609832763672 3.8786254 1.4906493 1.7015371 4.064279 1.7116643 27.350344 -1.583436369895935 0.9079700112342834
Car 0.0 0 -0.07878322154283524 645.7647094726562 172.17706298828125 693.9893188476562 189.14743041992188 4.2235847 1.5139284 1.6604933 5.363111 1.4538958 65.20289 0.0032846927642822266 0.8905662894248962
