Car 0.0 0 1.8569083213806152 378.1624450683594 185.7500457763672 468.23577880859375 241.6576690673828 4.2056403 1.5296631 1.6318651 -5.8337407 1.9766078 22.852955 1.6069730520248413 0.9988234639167786
Car 0.0 0 1.9493826627731323 242.17576599121094 193.6780548095703 397.4700012207031 283.19500732421875 4.119247 1.5151438 1.6051693 -5.9572973 2.0148354 15.234513 1.5766246318817139 0.9986240863800049
Car 0.0 0 2.1483540534973145 0.0 203.47264099121094 281.8075256347656 365.88934326171875 3.6552196 1.5346965 1.5322239 -5.921124 2.0096986 9.345136 1.5835907459259033 0.9949907660484314
Car 0.0 0 -1.7534549236297607 700.6602172851562 178.51124572753906 806.5430908203125 246.6118927001953 4.2157693 1.3897139 1.6893854 3.2159617 1.5413516 17.181934 -1.5684247016906738 0.9937951564788818
Car 0.0 0 1.761606216430664 430.9509582519531 187.1708984375 490.1844482421875 227.36981201171875 3.8618221 1.4173175 1.6069449 -5.9194155 2.0268915 28.759754 1.5586180686950684 0.9837725758552551
Car 0.0 0 -1.7120094299316406 677.4384765625 173.26487731933594 748.908203125 230.0992889404297 3.9281838 1.6384937 1.6745443 3.1169846 1.6529554 22.795633 -1.5761160850524902 0.9791032671928406
Car 0.0 0 -1.6904627084732056 663.4483642578125 178.8619842529297 708.3698120117188 214.35426330566406 3.7830923 1.4794999 1.5668672 3.3342118 1.7673998 32.624847 -1.5886178016662598 0.9640628695487976
Car 0.0 0 2.361199378967285 1039.52783203125 136.3001251220703 1242.0 248.78807067871094 4.036187 1.5907692 1.540006 9.019178 1.0741935 11.1708975 3.0404253005981445 0.9177730083465576
Car 0.0 0 -0.6743433475494385 906.6572875976562 155.45651245117188 1115.535400390625 230.0784912109375 3.991568 1.5630817 1.5989336 8.915291 1.1990203 16.240892 -0.17231355607509613 0.7671071290969849
Car 0.0 0 2.4818689823150635 981.7506103515625 145.4867401123047 1231.296630859375 234.8960418701172 3.733578 1.5932943 1.6055994 9.314313 1.1059611 13.77807 3.076322078704834 0.7045149803161621
Car 0.0 0 -1.545197606086731 647.2042846679688 176.7235107421875 674.078857421875 202.36859130859375 4.2167335 1.5714891 1.6425781 3.3086681 1.8358395 47.046215 -1.474985122680664 0.624056339263916
Car 0.0 0 -1.7515478134155273 732.8917236328125 172.854736328125 767.3634643554688 196.42442321777344 3.9362886 1.439379 1.4671736 8.862142 1.4397856 46.03602 -1.5613696575164795 0.5865496397018433
Car 0.0 0 1.7684550285339355 518.283447265625 182.01065063476562 548.2077026367188 202.91941833496094 3.6227589 1.4346886 1.5061861 -5.6318374 2.1316946 53.019855 1.662630558013916 0.5613642930984497
Car 0.0 0 -1.7492263317108154 763.939697265625 169.34658813476562 921.264404296875 291.9973449707031 3.6832154 1.6101781 1.6662158 3.4111183 1.56449 11.393188 -1.4583202600479126 0.5106874704360962
Car 0.0 0 -0.5069961547851562 839.9380493164062 163.1515350341797 1021.405029296875 223.3621063232422 4.131101 1.5057513 1.570732 8.330991 1.2634692 19.01752 -0.09410802274942398 0.4867892861366272
Car 0.0 0 -0.5157749652862549 655.5426025390625 179.2928466796875 736.3197021484375 211.3172607421875 3.8838575 1.5655868 1.5676371 4.4119787 1.9123498 37.34002 -0.39816343784332275 0.38758963346481323
