Car 0.0 0 -1.6679998636245728 662.5607299804688 176.296142578125 722.994384765625 225.0194854736328 4.2239504 1.479694 1.597926 2.6578028 1.6062549 24.330645 -1.5591944456100464 0.9937477111816406
Car 0.0 0 0.35903167724609375 228.65338134765625 179.455078125 441.0343322753906 250.50904846191406 4.187724 1.5118921 1.6126871 -6.1516843 1.6689014 16.310417 -0.0016338921850547194 0.9854555726051331
Car 0.0 0 -2.441478729248047 0.0 162.34449768066406 284.5998229980469 323.3916015625 3.991984 1.6710898 1.7076685 -6.246059 1.5623968 8.464754 -3.0771844387054443 0.9788658022880554
Car 0.0 0 0.23742623627185822 384.96630859375 178.29403686523438 504.453125 219.9427947998047 3.8856006 1.4264041 1.6330833 -5.88272 1.6274254 25.770391 0.01299738883972168 0.7415258288383484
Car 0.0 0 -2.5809640884399414 50.40244674682617 179.65541076660156 356.7908020019531 291.5957336425781 3.7169464 1.5170226 1.5915955 -5.9791102 1.6274585 10.779712 -3.0873806476593018 0.7338424921035767
Car 0.0 0 0.3244711458683014 478.0385437011719 171.597412109375 543.3915405273438 198.10354614257812 3.5111527 1.5388244 1.6773853 -5.933504 1.4662312 43.03766 0.18746709823608398 0.6392307281494141
Car 0.0 0 -2.6175103187561035 293.2878112792969 174.49212646484375 452.913330078125 231.759033203125 4.214021 1.579787 1.6122942 -6.966438 1.6310378 21.192745 -2.935101270675659 0.6159791350364685
Car 0.0 0 -2.8666534423828125 456.57208251953125 173.74346923828125 538.5155029296875 206.36277770996094 3.9987047 1.6808673 1.6581455 -5.9728775 1.7297512 38.298824 -3.021361827850342 0.5017529726028442
Car 0.0 0 -3.297036647796631 718.3932495117188 173.23130798339844 812.6734008789062 211.93458557128906 3.5239456 1.5202557 1.6303923 6.2076163 1.5363934 29.26517 -3.0880184173583984 0.44431599974632263
Car 0.0 0 -1.8610341548919678 730.846923828125 181.614013671875 850.59375 254.9805450439453 3.624266 1.4215492 1.6148415 3.880795 1.6420509 16.275248 -1.6269574165344238 0.43676936626434326
Car 0.0 0 -2.6996965408325195 248.56842041015625 170.62696838378906 419.78021240234375 230.25770568847656 3.8478754 1.4765385 1.6267853 -7.1671515 1.4217521 18.824549 -3.0634851455688477 0.40547195076942444
Car 0.0 0 -2.91229510307312 517.5214233398438 167.95867919921875 563.3523559570312 185.21424865722656 3.7875924 1.509321 1.6248506 -6.1895227 1.0814914 64.16577 -3.0084590911865234 0.3665466606616974
