Car 0.0 0 -1.702423095703125 662.1318969726562 175.7824249267578 733.8798217773438 227.04403686523438 4.231316 1.429434 1.6503805 2.5928342 1.5297221 22.489918 -1.5876411199569702 0.9881190657615662
Car 0.0 0 0.3870273530483246 186.76145935058594 170.68582153320312 434.1263427734375 256.7884826660156 4.2961397 1.6334505 1.6343243 -5.9337044 1.5926758 14.505414 -0.0012719640508294106 0.9766131639480591
Car 0.0 0 0.12146459519863129 451.1898498535156 169.66603088378906 533.4202270507812 203.1064453125 3.9143414 1.642758 1.7048867 -5.9180613 1.4865072 36.372433 -0.03982929512858391 0.9578330516815186
Car 0.0 0 -3.3159735202789307 725.3135986328125 167.80885314941406 826.8861083984375 209.3857421875 3.5151815 1.5268452 1.7108145 6.206721 1.3419281 27.433533 -3.0934736728668213 0.8417261242866516
Car 0.0 0 0.24745871126651764 352.71563720703125 176.34127807617188 496.9446716308594 220.042236328125 4.3432794 1.3831326 1.5981592 -6.0649047 1.502257 23.766508 -0.002395862014964223 0.6968868970870972
Car 0.0 0 -2.5590627193450928 0.0 179.33718872070312 337.946044921875 319.8368225097656 4.0082436 1.5443268 1.6468874 -5.706597 1.6317929 8.84891 -3.1318390369415283 0.6676395535469055
Car 0.0 0 3.2884554862976074 437.3805236816406 172.8638153076172 517.740234375 204.49258422851562 3.5251114 1.4548652 1.7021954 -6.2476106 1.4556999 34.098373 3.1072423458099365 0.5619296431541443
Car 0.0 0 -1.815484642982483 746.974609375 182.02296447753906 872.2689819335938 260.6178283691406 3.6161752 1.3615977 1.595733 3.8698275 1.5723845 14.739033 -1.5587235689163208 0.5078245401382446
Car 0.0 0 -0.28500989079475403 708.4193725585938 168.60531616210938 810.39794921875 207.10304260253906 4.074116 1.6417817 1.7443482 6.4970365 1.460949 31.807156 -0.08351832628250122 0.45698416233062744
Car 0.0 0 0.39763855934143066 170.0811004638672 175.1660614013672 391.6880798339844 246.65866088867188 4.424576 1.5784612 1.6402959 -7.6074533 1.6356736 16.862377 -0.026170916855335236 0.30721911787986755
