Pedestrian 0.0 0 1.2928141355514526 573.4835815429688 127.4293441772461 620.3628540039062 246.8255615234375 0.7886497 1.8338548 0.5513064 -0.18489704 1.0203799 11.312208 1.27647066116333 0.8655984401702881
Pedestrian 0.0 0 1.8963011503219604 475.0690002441406 136.7174835205078 504.3667297363281 205.00010681152344 0.75056976 1.8385236 0.5881131 -3.2006304 0.66125244 19.450363 1.7332090139389038 0.7971223592758179
Pedestrian 0.0 0 1.1638203859329224 624.4150390625 136.2679901123047 671.48193359375 245.7994384765625 0.65396464 1.7055295 0.54113847 0.6402946 1.0184441 11.404645 1.2199047803878784 0.7304285168647766
Pedestrian 0.0 0 2.2320945262908936 886.7178344726562 153.93011474609375 1033.5841064453125 370.0 0.84573644 1.6425611 0.57714176 2.5694702 1.4641602 5.232628 2.6885547637939453 0.6974903345108032
Pedestrian 0.0 0 1.8139517307281494 508.53765869140625 134.97744750976562 534.7470703125 203.01715087890625 0.7555575 1.8174504 0.5462775 -2.3038795 0.60305274 19.290174 1.6950819492340088 0.6658616662025452
Pedestrian 0.0 0 1.4373180866241455 603.4937133789062 146.30548095703125 628.4827270507812 216.07363891601562 1.1022419 1.7127676 0.48741636 0.23239812 0.8749097 17.929092 1.4502794742584229 0.6212050318717957
Pedestrian 0.0 0 0.5131576061248779 820.8819580078125 148.3687286376953 973.275146484375 370.0 0.81823635 1.6112156 0.58021164 1.9982762 1.4082953 4.998709 0.8934557437896729 0.5594188570976257
Pedestrian 0.0 0 -1.7384775876998901 452.69097900390625 136.13253784179688 481.0120849609375 199.3497314453125 0.7487152 1.7340379 0.66333914 -3.920079 0.51862377 19.856936 -1.9333873987197876 0.4369676113128662
Pedestrian 0.0 0 1.536036491394043 274.8813171386719 131.65286254882812 318.7272033691406 250.92970275878906 0.97428226 1.8580953 0.62061006 -5.105931 1.0988116 11.583051 1.1208508014678955 0.40125584602355957
Pedestrian 0.0 0 -0.8860012292861938 414.4712219238281 136.1219940185547 452.66925048828125 201.82327270507812 0.83643514 1.7965186 0.6639302 -4.8420563 0.58463746 19.848837 -1.1252745389938354 0.3276629149913788
Pedestrian 0.0 0 -1.0648084878921509 414.7711486816406 141.5826873779297 442.56591796875 196.61415100097656 0.73538285 1.8291943 0.6375934 -5.9941745 0.53715914 23.934095 -1.3102059364318848 0.3225402534008026
Pedestrian 0.0 0 1.7333139181137085 495.294189453125 134.4853973388672 521.6021118164062 204.10304260253906 0.7879276 1.9895656 0.6425938 -2.8407183 0.67610973 20.603441 1.596301794052124 0.31404048204421997
