Car 0.0 0 -1.7258580923080444 663.2236938476562 181.1902313232422 726.4024047851562 227.9217987060547 3.820811 1.4411062 1.573 2.7985246 1.7514284 24.883528 -1.6138637065887451 0.9932396411895752
Car 0.0 0 -1.9933369159698486 784.9097290039062 192.88388061523438 1122.349609375 375.0 3.4809606 1.4289166 1.5854108 2.9341233 1.6758922 7.116619 -1.6022793054580688 0.991245448589325
Car 0.0 0 -1.809471607208252 721.4031372070312 184.7324676513672 868.148681640625 284.3325500488281 3.613857 1.4293612 1.6168556 2.990792 1.6669405 12.595485 -1.576339602470398 0.9880423545837402
Car 0.0 0 -1.6246659755706787 650.2307739257812 179.71817016601562 688.5009155273438 212.28585815429688 4.074652 1.4780409 1.6558911 2.8422883 1.8373262 35.668617 -1.5451480150222778 0.9825162887573242
Car 0.0 0 0.37167060375213623 199.485595703125 180.5852508544922 423.9954833984375 261.97406005859375 4.137242 1.6345546 1.6863616 -6.3348174 1.810724 15.529845 -0.015638191252946854 0.9751071333885193
Car 0.0 0 -2.840568780899048 336.8240661621094 183.7231903076172 480.41754150390625 232.6069793701172 4.1710324 1.488031 1.5462952 -6.441684 1.8499993 23.167297 -3.111768960952759 0.9552105069160461
Car 0.0 0 -2.9157750606536865 396.4916687011719 177.02163696289062 504.8770751953125 222.5157928466797 3.840852 1.7070366 1.68741 -6.1835012 1.8746333 28.089884 -3.1324520111083984 0.9540281295776367
Car 0.0 0 0.5659722089767456 0.0 182.75323486328125 322.1827697753906 334.4031982421875 4.3068624 1.5959947 1.6601702 -5.9798193 1.7273065 8.626349 -0.0401780903339386 0.9481145143508911
Car 0.0 0 -2.3115053176879883 169.70144653320312 188.03883361816406 392.23321533203125 281.5653076171875 3.711391 1.4648702 1.6412109 -6.092441 1.7753456 13.255641 -2.742323160171509 0.8469196557998657
Car 0.0 0 0.04232393205165863 484.54461669921875 181.24510192871094 547.8096313476562 207.10952758789062 3.8435333 1.554186 1.6416979 -5.839214 2.0890832 44.97724 -0.08677992224693298 0.6145845651626587
Car 0.0 0 0.03110438585281372 443.0286560058594 178.7598876953125 526.3455200195312 213.5959014892578 3.9669588 1.6508107 1.6918825 -6.1935477 1.9524009 35.68371 -0.1407514363527298 0.5384031534194946
