Pedestrian 0.0 0 1.2701516151428223 636.5853881835938 137.9484405517578 676.6595458984375 242.48756408691406 0.67248017 1.7618016 0.51672983 0.8461545 1.0463274 12.297573 1.3388499021530151 0.9804580807685852
Pedestrian 0.0 0 1.367085576057434 591.3251953125 135.40719604492188 633.182373046875 246.87730407714844 0.6952953 1.846053 0.5849786 0.07109724 1.1009232 12.102796 1.3729599714279175 0.9358526468276978
Pedestrian 0.0 0 1.6799263954162598 566.3385620117188 138.3893585205078 599.1024780273438 227.14657592773438 0.8456252 1.8149154 0.60440564 -0.5014376 0.9554585 14.897224 1.6462793350219727 0.9130125641822815
Pedestrian 0.0 0 -3.007563591003418 995.1076049804688 120.37316131591797 1157.3931884765625 370.0 0.7111139 1.6974398 0.5603319 2.648158 1.3917427 4.054559 -2.428990364074707 0.88373863697052
Pedestrian 0.0 0 -3.0905494689941406 1075.2674560546875 130.8726348876953 1214.2664794921875 370.0 0.695584 1.696473 0.5205442 3.48747 1.4014661 4.645173 -2.446553945541382 0.7246825098991394
Pedestrian 0.0 0 -2.995499610900879 929.4662475585938 124.44081115722656 1039.9287109375 370.0 0.6231813 1.7300951 0.5803619 2.6709478 1.3632485 5.0617204 -2.5099573135375977 0.6418147087097168
Pedestrian 0.0 0 1.8802359104156494 537.7024536132812 126.1966552734375 580.050537109375 223.95437622070312 0.8097846 1.9292227 0.64840245 -0.9732239 0.8591906 14.419246 1.8128433227539062 0.5704125761985779
Pedestrian 0.0 0 -3.0977115631103516 1032.4334716796875 133.08766174316406 1147.242431640625 364.22821044921875 0.72183555 1.6917235 0.51717937 3.7790942 1.3464231 5.592629 -2.503462076187134 0.546474039554596
Pedestrian 0.0 0 1.5594003200531006 523.3667602539062 131.89422607421875 546.80322265625 214.49111938476562 0.79689735 1.8504591 0.5236111 -1.653431 0.76313204 16.260765 1.4580663442611694 0.4562786817550659
Pedestrian 0.0 0 -1.227988839149475 459.94146728515625 131.09628295898438 486.8078918457031 193.16160583496094 0.70759445 1.9034991 0.624753 -4.1370945 0.3898794 22.078156 -1.4132248163223267 0.440005362033844
Pedestrian 0.0 0 1.7241594791412354 526.7626953125 130.0518798828125 556.9677124023438 215.23995971679688 0.70058936 1.825345 0.5620018 -1.4187883 0.746 15.512201 1.6329505443572998 0.40197494626045227
Pedestrian 0.0 0 3.1633102893829346 435.108642578125 132.02734375 484.3818664550781 224.5550994873047 0.93410015 1.7788411 0.47955042 -2.8934617 0.8485901 13.908932 2.9582066535949707 0.3979857265949249
Pedestrian 0.0 0 -1.3702296018600464 375.8895568847656 147.11289978027344 399.3954772949219 205.51881408691406 0.79405266 1.8417156 0.5770528 -7.008047 0.79047054 22.713959 -1.6694979667663574 0.386217325925827
Pedestrian 0.0 0 1.421107530593872 586.3384399414062 140.18580627441406 605.5184326171875 198.71261596679688 0.6044227 1.7364388 0.49198556 -0.3097556 0.54191583 21.310913 1.4065735340118408 0.3219052255153656
