Car 0.0 0 2.046318769454956 13.231794357299805 192.7300262451172 396.13409423828125 376.0 4.092367 1.4692341 1.6139567 -3.675672 1.5694941 7.4208183 1.5864229202270508 0.9965689182281494
Car 0.0 0 -1.7617573738098145 698.6395263671875 186.13140869140625 804.1041259765625 261.06353759765625 3.685682 1.4625064 1.5807052 2.998625 1.4862723 15.918397 -1.5755645036697388 0.994785726070404
Car 0.0 0 1.7824070453643799 408.2680358886719 184.61251831054688 501.3760986328125 249.24566650390625 3.4129941 1.4405525 1.5566958 -3.7083595 1.42824 17.728867 1.5762091875076294 0.9886747002601624
Car 0.0 0 1.847549557685852 363.22283935546875 185.89352416992188 432.6576232910156 225.44517517089844 3.8657775 1.4402492 1.6151997 -8.169433 1.4697798 28.176594 1.5653504133224487 0.980953574180603
Car 0.0 0 1.7404377460479736 466.6919860839844 181.98133850097656 529.9224243164062 226.33984375 3.8850086 1.4931667 1.6391779 -3.9371707 1.3854254 26.152557 1.5910135507583618 0.9657015204429626
Car 0.0 0 -1.674359917640686 647.97607421875 180.51129150390625 691.459228515625 216.81591796875 3.7523792 1.6093311 1.643101 2.8200645 1.4019238 33.754475 -1.591007113456726 0.965457558631897
Car 0.0 0 1.5253899097442627 617.8883666992188 182.6568145751953 639.1707153320312 200.24659729003906 4.629644 1.5691848 1.751944 1.8786108 1.3420372 66.454834 1.5536513328552246 0.9064902067184448
Car 0.0 0 2.01431941986084 210.61737060546875 187.619384765625 350.2596740722656 255.1820068359375 3.969215 1.4638915 1.5641254 -7.92359 1.5309688 17.716295 1.5937557220458984 0.8804322481155396
Car 0.0 0 -1.700553297996521 585.4154663085938 180.13735961914062 613.0524291992188 201.06283569335938 3.6224837 1.4827075 1.5699089 -0.6772809 1.124005 52.83623 -1.7133710384368896 0.7181988954544067
Car 0.0 0 1.6463044881820679 498.44390869140625 182.95973205566406 537.5020141601562 213.06578063964844 4.2785535 1.4592221 1.6782583 -4.595433 1.3510084 37.015827 1.522788643836975 0.5930607318878174
Car 0.0 0 1.6627365350723267 530.557861328125 183.2376251220703 558.136474609375 203.65972900390625 3.783666 1.3408607 1.537162 -4.315667 1.2121172 49.089478 1.5750477313995361 0.31426572799682617
