Pedestrian 0.0 0 -0.6576144099235535 707.8428344726562 163.83941650390625 780.8631591796875 305.45166015625 0.68644375 1.6806101 0.5674856 1.7254575 1.4723644 8.930198 -0.46675029397010803 0.6876870393753052
Pedestrian 0.0 0 -0.9783196449279785 808.2272338867188 157.75778198242188 881.1056518554688 304.1943054199219 0.66539747 1.6482701 0.53841436 2.8308558 1.382383 8.4992075 -0.6568034887313843 0.5728411078453064
Pedestrian 0.0 0 0.2572671175003052 761.9234619140625 160.11415100097656 833.4742431640625 335.0421447753906 0.56666696 1.6819391 0.6202004 1.9563454 1.4776857 7.3139696 0.5186293125152588 0.5576520562171936
Pedestrian 0.0 0 -0.18478748202323914 687.3959350585938 169.61585998535156 727.1829833984375 225.88150024414062 1.155785 1.7524476 0.57463354 3.308593 1.3834143 22.680775 -0.03993266448378563 0.4663528800010681
Pedestrian 0.0 0 -0.0688006579875946 886.4130859375 161.74978637695312 972.9194946289062 374.0 0.5826011 1.6543998 0.6016061 2.5515988 1.5082978 5.7444334 0.34920811653137207 0.46461936831474304
Pedestrian 0.0 0 3.1162009239196777 526.6886596679688 160.71363830566406 584.8591918945312 260.6773681640625 1.1037476 1.8924567 0.6656867 -0.93616194 1.5001996 13.978767 3.049330472946167 0.4332721531391144
Pedestrian 0.0 0 -3.0401418209075928 947.2918701171875 141.9820098876953 1080.6517333984375 374.0 0.6471383 1.7039174 0.5937804 2.4470856 1.4899147 4.3424115 -2.5269691944122314 0.3426150679588318
Pedestrian 0.0 0 0.994485080242157 749.6810302734375 163.41160583496094 805.0068969726562 271.0478515625 0.6839611 1.7334528 0.6238599 2.8866844 1.4434369 11.992421 1.2307003736495972 0.3365814685821533
Pedestrian 0.0 0 -1.5587007999420166 855.195556640625 158.70919799804688 902.9453735351562 291.74005126953125 1.1335169 1.6942191 0.5735045 3.7354782 1.4053 9.778285 -1.1937918663024902 0.31710436940193176
Car 0.0 0 1.7093265056610107 535.4221801757812 180.13739013671875 602.8748779296875 228.09947204589844 4.1394253 1.4517037 1.6797093 -1.0055333 1.4115808 23.880724 1.6672449111938477 0.9813510179519653
