Car 0.0 0 -2.668980121612549 102.07151794433594 183.347900390625 379.2907409667969 278.8900451660156 3.982983 1.5268706 1.6441252 -6.319341 1.7218561 12.545428 -3.135596752166748 0.9940010905265808
Car 0.0 0 -1.6662341356277466 655.102783203125 178.173583984375 693.293212890625 207.30490112304688 3.8155851 1.4307147 1.6394128 3.2986488 1.725726 38.048325 -1.579754114151001 0.9892265796661377
Car 0.0 0 -2.6987881660461426 189.05421447753906 183.24563598632812 396.76080322265625 261.3852844238281 3.6376443 1.5085529 1.5463313 -6.5314007 1.7366252 14.978236 -3.1099889278411865 0.9487861394882202
Car 0.0 0 -2.6931777000427246 358.6407165527344 178.31509399414062 503.8500671386719 228.1223907470703 4.1376934 1.4613335 1.6009835 -5.6182156 1.6421617 22.636395 -2.936455726623535 0.9439178109169006
Car 0.0 0 -2.8302347660064697 375.5401611328125 179.96714782714844 511.7823791503906 223.5968780517578 4.2962203 1.4274367 1.6187598 -5.730364 1.6832051 24.915922 -3.0562918186187744 0.8997358679771423
Car 0.0 0 0.6341548562049866 0.0 191.34657287597656 245.91065979003906 360.97235107421875 4.0037417 1.5460092 1.6180989 -6.356286 1.7672335 7.694578 -0.056283555924892426 0.8786093592643738
Car 0.0 0 0.2850671410560608 390.8894348144531 175.6414337158203 502.78009033203125 217.73699951171875 3.9169905 1.560705 1.5789534 -6.274057 1.6719133 27.780233 0.06294751167297363 0.8556894063949585
Car 0.0 0 0.21298491954803467 445.2436828613281 177.5139617919922 535.1602783203125 210.69667053222656 3.71264 1.4352225 1.6782398 -5.372415 1.6508093 32.394417 0.04863691329956055 0.8226365447044373
Car 0.0 0 -2.1662333011627197 813.0661010742188 199.54669189453125 1242.0 375.0 4.3146586 1.4980438 1.6638721 2.6650796 1.7380773 4.2876396 -1.6101022958755493 0.7866131663322449
Car 0.0 0 3.386582851409912 298.59857177734375 185.453125 444.7250061035156 239.65016174316406 3.5950983 1.4101758 1.556157 -6.5954947 1.7773323 20.097832 3.0694868564605713 0.3129146695137024
