Car 0.0 0 -0.43465375900268555 685.3554077148438 163.76126098632812 904.0548706054688 246.4333038330078 4.250659 1.6365378 1.6557966 3.8551333 1.4568998 15.496469 -0.19082839787006378 0.9921230673789978
Car 0.0 0 3.5396392345428467 106.85761260986328 174.28773498535156 324.7357482910156 250.0806884765625 3.9645085 1.5895201 1.6330795 -8.735279 1.6240162 16.172325 3.0443994998931885 0.9911571741104126
Car 0.0 0 0.3689408004283905 188.90675354003906 176.4020538330078 366.8988342285156 235.6724090576172 3.912224 1.4620037 1.5697212 -8.593009 1.5592641 18.80319 -0.05971691012382507 0.9830201268196106
Car 0.0 0 3.455475091934204 232.95455932617188 171.2443084716797 386.31256103515625 227.6281280517578 3.9045973 1.59751 1.55538 -8.84486 1.5522608 21.368921 3.063033103942871 0.9686219692230225
Car 0.0 0 0.552080512046814 0.0 184.28932189941406 221.82174682617188 305.4803771972656 3.7924397 1.5376933 1.591761 -7.9451146 1.7174132 10.326595 -0.10371118038892746 0.9584437012672424
Car 0.0 0 3.893795967102051 0.0 189.25729370117188 168.36949157714844 343.9738464355469 4.0991616 1.5113491 1.6863711 -7.560985 1.7144153 8.069279 3.1409060955047607 0.9463398456573486
Car 0.0 0 -3.1790857315063477 639.4819946289062 161.74102783203125 745.10693359375 205.41363525390625 3.6941257 1.5279666 1.619227 2.8992395 1.1395166 26.183374 -3.0688066482543945 0.9007097482681274
Car 0.0 0 0.2295348048210144 299.2901916503906 169.2119140625 419.2066955566406 217.93409729003906 3.8911123 1.7248164 1.6899242 -9.195874 1.5962405 26.581926 -0.1035226359963417 0.8843927979469299
Car 0.0 0 0.24490976333618164 310.1687316894531 170.58595275878906 418.12225341796875 206.39566040039062 4.2065754 1.5197293 1.6332632 -10.736928 1.4238338 31.605936 -0.08257091790437698 0.7992001175880432
Car 0.0 0 -0.03870117664337158 623.8118286132812 165.04161071777344 726.186767578125 204.4669189453125 3.918971 1.5089036 1.5921873 2.4849758 1.2102623 28.501984 0.04826498031616211 0.6565391421318054
Car 0.0 0 -1.4337419271469116 451.6697082519531 166.6706085205078 476.6662292480469 188.00144958496094 3.7545989 1.8346974 1.6771964 -12.919859 1.3032116 63.983536 -1.6329874992370605 0.3069665729999542
