Cyclist 0.0 0 -0.7873186469078064 0.0 169.05039978027344 134.68978881835938 375.0 1.5079842 1.7004709 0.5871236 -5.2498603 1.6701655 6.5959764 -1.4595659971237183 0.6856714487075806
Car 0.0 0 -1.8000521659851074 711.9801025390625 173.79957580566406 855.0260009765625 280.3608703613281 3.7593398 1.6019998 1.5885991 2.8329694 1.6215659 12.766277 -1.581680417060852 0.9948103427886963
Car 0.0 0 -1.6980828046798706 657.1947631835938 175.3799591064453 712.212646484375 219.90966796875 3.5385907 1.502351 1.5450176 2.6164062 1.6011776 26.334164 -1.5990537405014038 0.9904582500457764
Car 0.0 0 0.5591556429862976 43.103763580322266 182.51673889160156 361.11187744140625 288.36517333984375 4.121971 1.5002356 1.5915102 -6.2840886 1.6638589 11.288453 0.05119609832763672 0.9862775206565857
Car 0.0 0 0.27857136726379395 355.0815734863281 174.54176330566406 497.329345703125 221.32806396484375 4.3128486 1.4966749 1.6040865 -6.088814 1.5552253 24.008274 0.030194997787475586 0.9819237589836121
Car 0.0 0 3.374298095703125 332.44366455078125 176.5736846923828 473.9232482910156 230.07101440429688 3.8020568 1.5296718 1.6788222 -6.171139 1.6465703 21.68023 3.0969886779785156 0.9041808247566223
Car 0.0 0 0.3774840831756592 369.495361328125 174.26535034179688 485.5188293457031 216.82919311523438 3.8249178 1.4994962 1.5682344 -6.70654 1.5537175 26.5094 0.12969589233398438 0.9037876129150391
Car 0.0 0 -1.5699708461761475 628.573486328125 171.70883178710938 649.0302124023438 191.6746826171875 3.554167 1.609374 1.6485306 2.369803 1.5174228 59.966614 -1.5304726362228394 0.8142097592353821
Car 0.0 0 -0.1901492327451706 696.0587158203125 169.82594299316406 807.9066772460938 205.99966430664062 4.556173 1.5387667 1.6907616 6.1001863 1.4103163 31.537663 0.0009167194366455078 0.7893739938735962
Car 0.0 0 -2.6662192344665527 153.5449676513672 181.52113342285156 386.8870849609375 266.5256652832031 3.7348707 1.5001409 1.5348095 -6.411442 1.6756732 13.741228 -3.102778911590576 0.7882475852966309
Car 0.0 0 0.46346861124038696 391.3533935546875 168.94432067871094 505.0564880371094 211.8222198486328 4.129739 1.6427199 1.6994736 -6.510908 1.4932921 28.960896 0.24232816696166992 0.7816659212112427
Car 0.0 0 -2.6340956687927246 215.35916137695312 164.67657470703125 421.4070129394531 248.04782104492188 4.0257745 1.7619964 1.6550263 -6.56489 1.5895298 16.318516 -3.016580581665039 0.7351043224334717
Car 0.0 0 0.31511998176574707 505.7220764160156 170.21815490722656 561.9660034179688 190.3413848876953 4.131159 1.5594013 1.6193933 -6.0413613 1.3555006 57.13317 0.20976972579956055 0.5475858449935913
Car 0.0 0 -2.5971176624298096 429.4246826171875 172.02793884277344 522.7871704101562 204.90298461914062 4.04578 1.487907 1.7102015 -6.374044 1.450878 34.166622 -2.78155517578125 0.48805561661720276
Car 0.0 0 0.3848188519477844 413.14776611328125 172.06869506835938 500.942626953125 208.82704162597656 3.4002998 1.5491705 1.5910548 -6.6862664 1.5164319 31.48652 0.17557382583618164 0.3197341859340668
Car 0.0 0 0.2000657171010971 457.7320556640625 176.33566284179688 531.5062255859375 203.04502868652344 3.8779013 1.4691813 1.6106331 -6.5230227 1.6707089 40.80225 0.04153800010681152 0.3086105287075043
