Pedestrian 0.0 0 -1.722902536392212 823.119384765625 169.33023071289062 903.7020263671875 339.3366394042969 0.9596209 1.6553023 0.6491321 2.5684474 1.6213503 7.551816 -1.3950655460357666 0.7457697987556458
Car 0.0 0 -1.8508790731430054 757.2152099609375 182.9374542236328 912.4063720703125 278.9707336425781 4.200288 1.5034343 1.679019 4.034815 1.7266078 13.838016 -1.5671697854995728 0.9934698343276978
Car 0.0 0 -1.71977698802948 718.6493530273438 182.08595275878906 803.2347412109375 240.88491821289062 4.0408907 1.404984 1.6749115 4.0043874 1.6869035 19.94396 -1.5216296911239624 0.9859771728515625
Car 0.0 0 1.6874812841415405 556.6495971679688 174.02040100097656 595.0142822265625 206.48931884765625 3.9531052 1.6036372 1.5593749 -1.7761769 1.6683893 37.805573 1.6405339241027832 0.9728585481643677
Car 0.0 0 1.7184498310089111 448.62591552734375 166.08853149414062 549.6646728515625 257.9276428222656 4.070473 1.7865276 1.6246077 -2.3768022 1.6552781 16.069073 1.5716029405593872 0.966544508934021
Car 0.0 0 -2.101043224334717 834.2957763671875 177.63711547851562 1215.6881103515625 375.0 3.4576693 1.5015413 1.5926638 3.5664532 1.5605181 7.064648 -1.6335382461547852 0.9615868926048279
Car 0.0 0 1.727044701576233 493.82501220703125 177.56524658203125 567.476806640625 236.77993774414062 3.784716 1.5957729 1.6254562 -2.336536 1.7503002 21.678816 1.6196794509887695 0.9182191491127014
Car 0.0 0 -1.6296322345733643 684.7384033203125 174.52093505859375 722.4319458007812 207.86865234375 3.9479902 1.5888948 1.6554279 4.657566 1.6785032 36.603848 -1.5030698776245117 0.9060714840888977
Car 0.0 0 2.085865020751953 0.0 196.44241333007812 372.5379333496094 375.0 3.505316 1.4731319 1.4592847 -2.9716568 1.6945225 4.990031 1.548746943473816 0.8733649253845215
Car 0.0 0 -1.645992636680603 695.9098510742188 176.23609924316406 737.6701049804688 213.9810028076172 3.7811322 1.5526447 1.5374101 4.634792 1.7119317 31.964275 -1.5019971132278442 0.4287884533405304
Car 0.0 0 -1.6997917890548706 707.19482421875 180.83265686035156 766.74365234375 226.38653564453125 3.7248797 1.4437807 1.5820103 4.3515077 1.74621 25.421663 -1.5302616357803345 0.3776996433734894
Car 0.0 0 -1.7276965379714966 673.531005859375 176.0984344482422 713.0470581054688 204.7978057861328 4.2249846 1.5688998 1.6382458 4.76599 1.7681075 42.07324 -1.614898920059204 0.3185334801673889
