Car 0.0 0 -1.7356455326080322 556.74267578125 177.96420288085938 640.6611328125 242.53549194335938 3.7331696 1.505968 1.5677807 -0.38000995 1.3379759 18.740767 -1.7559199333190918 0.9964196681976318
Car 0.0 0 2.1507766246795654 0.0 196.54083251953125 200.4673309326172 376.0 4.250412 1.4590834 1.6692915 -6.2760854 1.6163069 7.703948 1.4671612977981567 0.9920349717140198
Car 0.0 0 1.895275592803955 177.11863708496094 186.68411254882812 331.760009765625 271.63519287109375 3.9387336 1.4634728 1.6010545 -6.9582 1.4984316 14.503707 1.4479562044143677 0.9919564723968506
Car 0.0 0 1.675811767578125 457.77496337890625 179.26097106933594 515.046142578125 223.62356567382812 3.3873477 1.4552472 1.6423861 -4.245142 1.261043 25.317856 1.5096832513809204 0.9809074997901917
Car 0.0 0 1.7813222408294678 366.3154296875 184.01101684570312 419.1867370605469 214.21563720703125 4.0577765 1.3695524 1.6308936 -10.32905 1.3160605 34.67782 1.4918321371078491 0.9084583520889282
Car 0.0 0 1.7696207761764526 291.225341796875 183.06161499023438 371.61456298828125 233.04786682128906 3.972899 1.4388254 1.6184803 -8.683655 1.3779526 22.780624 1.4054378271102905 0.9075297713279724
Car 0.0 0 -1.4505733251571655 453.5260009765625 181.3890380859375 496.0337219238281 215.57254028320312 3.5237668 1.5377133 1.5750656 -6.2958965 1.3667065 34.14069 -1.6329349279403687 0.8086029291152954
Car 0.0 0 -1.648460865020752 512.8037109375 180.2952423095703 535.7604370117188 199.97129821777344 3.6835763 1.5359813 1.5560278 -6.784442 1.153005 58.069847 -1.764765977859497 0.7506852746009827
Car 0.0 0 1.6421915292739868 425.0856628417969 178.8115234375 449.0639953613281 197.67300415039062 3.8774745 1.4804381 1.6270039 -13.862197 0.9789063 58.46356 1.4093824625015259 0.6811859607696533
Car 0.0 0 1.8268791437149048 255.166748046875 171.68666076660156 312.6148376464844 207.79200744628906 3.6401868 1.5542475 1.5217941 -14.764463 0.9729872 32.86212 1.404619812965393 0.5204041004180908
Car 0.0 0 2.1149039268493652 183.3366241455078 185.54005432128906 288.6672668457031 234.544677734375 3.3615324 1.4639789 1.4957767 -11.934358 1.4763706 23.223007 1.640196442604065 0.4619511663913727
Car 0.0 0 2.142817974090576 0.0 170.6146240234375 128.13681030273438 278.6249694824219 4.249875 1.7632766 1.6577772 -11.40227 1.5260439 13.936844 1.4571142196655273 0.4589657485485077
