Car 0.0 0 -2.0281338691711426 757.4646606445312 182.4795379638672 1242.0 375.0 4.100009 1.520768 1.6309279 2.5063722 1.6285664 5.9565377 -1.6298458576202393 0.9924720525741577
Car 0.0 0 -2.7058818340301514 168.7095184326172 181.60992431640625 403.81451416015625 268.0605773925781 3.9263403 1.5881739 1.6259578 -6.3298597 1.7720714 14.273214 -3.1232991218566895 0.9874394536018372
Car 0.0 0 -1.6578725576400757 649.8795776367188 178.57119750976562 685.6350708007812 205.37774658203125 3.9800131 1.3725901 1.6152409 3.1008077 1.7040944 39.792 -1.5801043510437012 0.9850413203239441
Car 0.0 0 0.44905656576156616 0.0 191.39004516601562 297.1878967285156 321.44232177734375 3.654602 1.4523784 1.5586314 -6.264658 1.7200134 9.374578 -0.14004842936992645 0.9844536185264587
Car 0.0 0 -2.768558979034424 371.8627014160156 183.68731689453125 504.01593017578125 228.26292419433594 4.038097 1.4038213 1.5540093 -5.790631 1.7845119 24.279678 -3.0026824474334717 0.840019166469574
Car 0.0 0 -2.616877794265747 222.2015838623047 182.2249298095703 408.65338134765625 252.9209442138672 3.7318392 1.5198263 1.5950629 -6.854016 1.7524327 16.83309 -3.003554344177246 0.8035931587219238
Car 0.0 0 0.289777934551239 374.92022705078125 179.17648315429688 504.5126953125 225.27804565429688 4.400549 1.6312872 1.5767441 -6.2852507 1.8736136 26.69555 0.058547258377075195 0.7766966223716736
Car 0.0 0 0.2047363966703415 446.6750793457031 180.5294952392578 536.0764770507812 211.4337158203125 3.9328766 1.4056153 1.5861553 -5.6056585 1.7783116 34.124237 0.04191851615905762 0.7481852173805237
Car 0.0 0 0.35848817229270935 321.3578186035156 181.38070678710938 463.3060607910156 232.5186309814453 3.8179574 1.4660181 1.5654641 -6.587163 1.7358396 21.892147 0.06621360778808594 0.6805602312088013
Car 0.0 0 0.41583389043807983 403.1000061035156 180.6929473876953 507.1109924316406 219.09523010253906 3.8884177 1.488149 1.5065666 -6.3613706 1.8218744 29.550978 0.20380187034606934 0.6170504093170166
Car 0.0 0 0.10483157634735107 498.2926940917969 178.2091827392578 558.1174926757812 202.69386291503906 3.8074863 1.5880599 1.576866 -5.4333625 1.9502888 47.95089 -0.00799816194921732 0.5011030435562134
