Car 0.0 0 2.091972827911377 0.0 211.95364379882812 361.0136413574219 375.0 3.6504943 1.3418087 1.4838108 -3.8012807 1.8113966 6.821749 1.5835959911346436 0.9913349747657776
Car 0.0 0 -1.688110113143921 663.5746459960938 182.6937255859375 730.9606323242188 231.7945098876953 4.114571 1.3619592 1.6265408 2.6277838 1.7026879 22.89658 -1.5738425254821777 0.9892305731773376
Car 0.0 0 1.9485347270965576 232.2466583251953 197.63465881347656 386.0154113769531 280.20074462890625 4.2037306 1.4106201 1.6236743 -6.372652 2.0226202 15.6982155 1.5629117488861084 0.9876965880393982
Car 0.0 0 1.777176022529602 467.7752990722656 183.5013427734375 512.0791015625 214.0211181640625 3.6258845 1.4896013 1.6147324 -6.3636475 2.0830865 38.346516 1.6127235889434814 0.9714745283126831
Car 0.0 0 2.8074610233306885 774.6212768554688 163.70074462890625 911.4105834960938 209.80194091796875 4.1787243 1.5355223 1.6658783 7.9292793 1.2310067 24.917027 3.1155550479888916 0.9673928618431091
Car 0.0 0 -0.5234420299530029 868.7194213867188 167.77435302734375 1106.103271484375 237.00448608398438 4.3095675 1.4062101 1.6285499 7.9811444 1.3033894 15.573878 -0.04986829310655594 0.9609732031822205
Car 0.0 0 1.8084802627563477 372.9393005371094 197.0177764892578 448.91375732421875 248.27774047851562 3.8425024 1.4214393 1.5477463 -6.5048785 2.2833567 23.780565 1.5414741039276123 0.9086431264877319
Car 0.0 0 1.8117256164550781 404.6161804199219 188.80255126953125 473.8057861328125 232.19105529785156 3.9853582 1.4307585 1.636706 -6.401752 2.078001 27.26235 1.5810840129852295 0.6312637329101562
Car 0.0 0 2.6258623600006104 828.9601440429688 154.06024169921875 1015.880126953125 222.68194580078125 4.1977353 1.6823599 1.633411 7.989953 1.2219621 18.734152 3.0289955139160156 0.41660672426223755
Car 0.0 0 -3.827559471130371 1171.8905029296875 139.8449249267578 1242.0 189.12210083007812 4.4786243 1.62956 1.6733721 22.193193 0.5383323 24.792711 -3.097430467605591 0.3583039939403534
