Car 0.0 0 -1.7860355377197266 687.2036743164062 181.37130737304688 801.2301025390625 256.4006652832031 3.875879 1.3978183 1.6301138 2.7501633 1.6086867 15.858908 -1.6143287420272827 0.9975428581237793
Car 0.0 0 -1.6490232944488525 658.5555419921875 175.79141235351562 710.5381469726562 221.40655517578125 3.9218833 1.5415168 1.5871638 2.634971 1.6582736 26.612251 -1.550331473350525 0.9948912858963013
Car 0.0 0 -2.8145225048065186 292.50592041015625 166.9345703125 455.19366455078125 239.0279083251953 3.7115512 1.8053329 1.6919006 -6.1538377 1.6574591 18.93544 -3.1287457942962646 0.9836033582687378
Car 0.0 0 -2.635645627975464 142.02365112304688 174.9296417236328 403.618408203125 262.80950927734375 4.437917 1.6041452 1.6062335 -6.56057 1.6480552 14.175224 -3.0691089630126953 0.9656040668487549
Car 0.0 0 3.6851348876953125 0.0 175.63877868652344 237.45526123046875 322.93695068359375 3.5351963 1.6609812 1.5863521 -6.9554453 1.7004226 9.147178 3.035015821456909 0.8874493837356567
Car 0.0 0 -2.228708267211914 0.0 170.9236297607422 179.79757690429688 375.0 3.8913765 1.6974488 1.6999801 -6.439725 1.6828561 6.713766 -2.9932754039764404 0.844804584980011
Car 0.0 0 0.20521631836891174 384.59332275390625 173.89370727539062 499.19744873046875 222.7998809814453 3.8744338 1.7508484 1.7051522 -6.2082033 1.7910662 26.762896 -0.022722793743014336 0.7851391434669495
Car 0.0 0 -2.7877721786499023 361.71295166015625 180.35557556152344 489.13482666015625 228.36058044433594 3.8064313 1.5193822 1.6243194 -6.170459 1.7813265 24.15311 -3.0378949642181396 0.6895225644111633
Car 0.0 0 -1.7298121452331543 641.922607421875 177.514892578125 693.4409790039062 214.93789672851562 3.9676087 1.5622468 1.7048302 2.5044374 1.7869211 32.675594 -1.6533161401748657 0.5225285291671753
Car 0.0 0 -2.8888168334960938 442.4080810546875 171.0494384765625 531.157958984375 206.07171630859375 4.106082 1.7032526 1.5845511 -6.156394 1.6158485 36.049095 -3.0579631328582764 0.4217926561832428
Car 0.0 0 -1.564344048500061 641.799072265625 173.61692810058594 670.3732299804688 204.12014770507812 3.7247407 1.6857368 1.5818338 2.6496284 1.7324036 41.88105 -1.5011626482009888 0.32667863368988037
Car 0.0 0 -0.04849693179130554 796.5489501953125 162.34548950195312 868.3116455078125 188.58445739746094 4.0067735 1.5166125 1.6661755 13.159045 0.9095786 43.002323 0.24846243858337402 0.31340858340263367
