Pedestrian 0.0 0 -2.2750051021575928 998.7799072265625 138.89035034179688 1119.44189453125 339.9201354980469 0.71680397 1.7490098 0.63371253 4.0771537 1.4538754 6.6781154 -1.726882815361023 0.7137601375579834
Pedestrian 0.0 0 1.736544132232666 348.63824462890625 161.282958984375 394.7191162109375 259.3240661621094 0.78413564 1.7577645 0.6935997 -4.4561296 1.5506669 13.374745 1.4149361848831177 0.3225894272327423
Car 0.0 0 -1.9106619358062744 739.406005859375 186.27178955078125 1001.6114501953125 362.8014221191406 3.4959385 1.4668465 1.5580306 2.5348773 1.6496778 8.03605 -1.6051024198532104 0.9977364540100098
Car 0.0 0 1.836769938468933 318.0858154296875 180.65953063964844 511.1448669433594 314.1010437011719 4.0393724 1.5139774 1.6338154 -2.618203 1.6495241 10.457886 1.5914554595947266 0.9958592057228088
Car 0.0 0 2.0057051181793213 0.0 199.06857299804688 424.0923767089844 375.0 3.8837836 1.4254843 1.6238272 -2.6073039 1.6820745 5.0774393 1.531309962272644 0.9936655163764954
Car 0.0 0 -1.7335189580917358 658.709716796875 174.06175231933594 727.6655883789062 226.93826293945312 3.9653902 1.5968148 1.625588 2.6183488 1.6405746 23.902779 -1.6244124174118042 0.9919792413711548
Car 0.0 0 1.5822168588638306 540.1484375 174.17642211914062 574.7626342773438 205.15353393554688 4.0937123 1.5257438 1.7116337 -2.767736 1.5992464 37.81043 1.509146809577942 0.8839628100395203
Car 0.0 0 -1.69281804561615 644.8562622070312 173.78701782226562 686.3015747070312 207.9891357421875 3.599291 1.6290214 1.6429538 2.708193 1.6786977 36.300423 -1.6183509826660156 0.8540474772453308
Car 0.0 0 1.767086148262024 409.93389892578125 177.94918823242188 510.2252197265625 258.84527587890625 3.204953 1.5380096 1.5081336 -3.1648078 1.65935 15.523662 1.5659723281860352 0.8257695436477661
Car 0.0 0 -2.347792387008667 853.3848876953125 120.31786346435547 1242.0 375.0 4.0498657 1.5379149 1.6100148 2.1750228 1.5247875 2.2080858 -1.5699373483657837 0.5544975399971008
Car 0.0 0 0.15469759702682495 324.12738037109375 174.1093292236328 425.3461608886719 215.27256774902344 3.4558434 1.5018713 1.6091646 -8.921602 1.5518636 27.457045 -0.15947049856185913 0.3999086916446686
