Car 0.0 0 1.8993725776672363 314.5051574707031 186.7298126220703 437.5481262207031 258.2032470703125 4.331733 1.521544 1.652956 -5.8292255 1.917566 18.388432 1.5923887491226196 0.9986397624015808
Car 0.0 0 2.0717365741729736 48.071388244628906 194.6295166015625 328.56024169921875 327.9414978027344 4.35109 1.4743596 1.6925814 -5.9818864 1.8684412 10.865916 1.5684953927993774 0.9986335635185242
Car 0.0 0 -1.8163193464279175 734.2140502929688 181.0343017578125 890.7405395507812 285.7810363769531 3.8775382 1.4855837 1.6464589 3.239663 1.6495221 12.480111 -1.5623390674591064 0.9935639500617981
Car 0.0 0 -1.7511488199234009 669.36376953125 178.3878631591797 727.5459594726562 220.26161193847656 3.8273351 1.4808915 1.5627289 3.3140693 1.7109741 27.991352 -1.6333012580871582 0.9929119944572449
Car 0.0 0 -1.7251836061477661 699.7077026367188 173.13218688964844 793.567626953125 245.41961669921875 3.985262 1.5979555 1.6668437 3.224587 1.6060196 17.974112 -1.5476702451705933 0.9907801747322083
Car 0.0 0 1.7953859567642212 402.066162109375 186.8992156982422 472.2910461425781 234.88795471191406 3.5719426 1.4279629 1.5414251 -5.7810116 1.9364746 24.309616 1.5619150400161743 0.9826416969299316
Car 0.0 0 1.7606115341186523 459.1202392578125 181.9753875732422 508.7443542480469 218.4312286376953 3.7149699 1.5344235 1.5749822 -5.7728634 1.9778409 33.17398 1.5883190631866455 0.9306004047393799
Car 0.0 0 2.344045400619507 1029.619140625 151.67544555664062 1242.0 259.6977233886719 3.767683 1.5766015 1.6006526 8.970216 1.267855 11.580961 3.003084182739258 0.8809937834739685
Car 0.0 0 -1.937777042388916 852.8898315429688 172.5603790283203 1205.8753662109375 375.0 3.513532 1.5213019 1.5013236 3.3710222 1.5196905 6.6605177 -1.4692453145980835 0.8295750617980957
Car 0.0 0 -1.5703985691070557 653.2544555664062 178.13909912109375 681.6160278320312 204.00634765625 3.908391 1.4211451 1.5878419 3.343703 1.7473404 42.470894 -1.4918313026428223 0.6461052894592285
Car 0.0 0 -1.5811998844146729 664.4598999023438 179.88937377929688 701.5017700195312 212.78622436523438 3.990709 1.3931538 1.6093683 3.3206947 1.7401848 33.4929 -1.4823765754699707 0.4266745150089264
Car 0.0 0 1.5547165870666504 469.16552734375 173.90084838867188 491.460205078125 195.8125 3.809666 1.6353021 1.638657 -10.13 1.7199508 56.06788 1.3759709596633911 0.32436078786849976
