Car 0.0 0 2.1820175647735596 0.0 197.37554931640625 262.9426574707031 375.0 3.8505735 1.5231329 1.6107706 -4.558141 1.7910395 5.909654 1.5250205993652344 0.9936297535896301
Car 0.0 0 -1.7522838115692139 750.8185424804688 181.0152130126953 859.7818603515625 257.7644348144531 4.2202888 1.4623251 1.6014426 4.2175217 1.6722764 16.366058 -1.5000720024108887 0.9931551814079285
Car 0.0 0 -1.7911121845245361 719.6907348632812 177.42970275878906 796.5433349609375 231.98243713378906 3.4240613 1.5186936 1.576748 4.4017057 1.670221 22.104683 -1.5945532321929932 0.990895688533783
Car 0.0 0 1.7788500785827637 503.69830322265625 179.72886657714844 556.5048217773438 218.26821899414062 3.8406947 1.5793451 1.5875304 -3.5461652 1.906103 32.26474 1.669381022453308 0.9863870143890381
Car 0.0 0 -1.7124578952789307 706.2794799804688 176.96360778808594 764.9354858398438 220.12973022460938 3.8656728 1.4921947 1.6365118 4.624342 1.6589901 27.26556 -1.5444529056549072 0.9781133532524109
Car 0.0 0 -1.9430830478668213 795.0921020507812 153.31613159179688 1066.515625 329.2761535644531 4.5094595 1.8733702 1.7515604 3.9412484 1.6657169 9.938456 -1.5655409097671509 0.9548243880271912
Car 0.0 0 -1.6870936155319214 700.5516357421875 177.06167602539062 745.7803344726562 211.2433624267578 3.6455982 1.4340936 1.5929403 5.0116243 1.6352245 32.57552 -1.5344440937042236 0.8081501126289368
Car 0.0 0 1.669908881187439 577.0598754882812 175.99041748046875 602.1497802734375 194.9835662841797 3.9150503 1.4939572 1.6883996 -1.6705488 1.761403 59.428883 1.6418062448501587 0.8013620972633362
Car 0.0 0 1.6790704727172852 532.5691528320312 175.6536102294922 569.5685424804688 207.20248413085938 3.4920907 1.5694171 1.5740831 -3.093911 1.7239691 37.970745 1.5977686643600464 0.7563641667366028
Car 0.0 0 1.7123703956604004 544.0791625976562 176.0712890625 581.9600219726562 204.39260864257812 4.0891204 1.5932807 1.7027063 -2.7927947 1.7955291 43.171017 1.6477689743041992 0.6593502163887024
Car 0.0 0 -1.727298617362976 686.8057250976562 173.69503784179688 729.6100463867188 203.38778686523438 3.6637144 1.467187 1.6497048 5.028233 1.5135393 37.605732 -1.5943777561187744 0.4539647698402405
