Car 0.0 0 -1.7170296907424927 682.2810668945312 182.48049926757812 781.01171875 260.1532287597656 3.8783793 1.5153782 1.6386636 2.599978 1.7619473 16.504286 -1.5607802867889404 0.9975520968437195
Car 0.0 0 -2.0667192935943604 801.1065063476562 188.1877899169922 1242.0 375.0 3.6588697 1.4601101 1.606892 2.766738 1.6184942 5.576536 -1.6061650514602661 0.9968183040618896
Car 0.0 0 -2.7819502353668213 235.87681579589844 181.6611785888672 442.8819274902344 256.49334716796875 4.1595917 1.6225255 1.6806761 -6.191704 1.8370224 16.69127 -3.137169599533081 0.9834282994270325
Car 0.0 0 -1.7297661304473877 662.9962158203125 181.8428192138672 736.6626586914062 236.57318115234375 4.1149096 1.4998713 1.6265153 2.6580505 1.8071777 22.546667 -1.6124167442321777 0.9675174951553345
Car 0.0 0 -1.655359148979187 648.4137573242188 179.16033935546875 693.2398681640625 216.46145629882812 3.9406543 1.5081295 1.628043 2.5803678 1.8037853 31.810383 -1.5744192600250244 0.9621503353118896
Car 0.0 0 -2.5124804973602295 0.0 165.3116455078125 305.88323974609375 323.5599670410156 4.024793 1.7674286 1.6756874 -6.188261 1.6835481 8.9412 -3.117888927459717 0.9415091276168823
Car 0.0 0 0.4101408123970032 169.19752502441406 188.47390747070312 401.1431884765625 273.1611633300781 3.7876666 1.5130211 1.5782093 -6.2213106 1.8337152 13.989902 -0.00829698983579874 0.9323955774307251
Car 0.0 0 -1.7053202390670776 628.2723388671875 178.39422607421875 661.9931030273438 203.76583862304688 3.8831937 1.500728 1.6121451 2.1427572 1.8662952 45.556213 -1.6583194732666016 0.8912476301193237
Car 0.0 0 3.637495279312134 49.12428283691406 188.19064331054688 335.37158203125 293.9250183105469 3.6127808 1.5151695 1.5457428 -6.484813 1.7748363 11.384668 3.1197216510772705 0.8316680192947388
Car 0.0 0 3.2777459621429443 470.5927734375 178.6150360107422 541.6603393554688 205.66079711914062 3.9894564 1.5613934 1.6778201 -6.163417 1.910852 42.867943 3.1349477767944336 0.7754072546958923
Car 0.0 0 0.1088695228099823 281.8031311035156 191.56263732910156 443.21038818359375 251.7041778564453 3.959635 1.459009 1.4944838 -6.566662 1.9919267 19.379051 -0.2178410291671753 0.6043316721916199
Car 0.0 0 -2.993100643157959 464.12664794921875 179.48973083496094 539.718017578125 206.64459228515625 3.9966888 1.4798998 1.726194 -6.0724025 1.8616526 40.605072 -3.1415483951568604 0.5853167772293091
