Cyclist 0.0 0 1.9849107265472412 264.37811279296875 176.09506225585938 369.30633544921875 343.4857177734375 1.4205128 1.6365334 0.5249757 -3.1728082 1.6751463 7.796544 1.5984268188476562 0.3445252478122711
Car 0.0 0 -1.7130266427993774 648.7761840820312 175.39358520507812 727.856689453125 234.90203857421875 4.1448264 1.492247 1.6168612 2.052768 1.5717338 20.374699 -1.612614631652832 0.9941709637641907
Car 0.0 0 0.42016780376434326 158.81777954101562 171.58547973632812 375.0052185058594 249.52748107910156 3.6149454 1.4934099 1.6530844 -6.905203 1.4694624 14.683761 -0.01940699853003025 0.9621459245681763
Car 0.0 0 -1.6323612928390503 626.9114990234375 174.7446746826172 662.8724365234375 205.00234985351562 3.5349448 1.4075149 1.5459349 1.6380178 1.5057299 35.563095 -1.5863343477249146 0.9504031538963318
Car 0.0 0 -2.758185863494873 232.40643310546875 175.51217651367188 420.4288635253906 240.47207641601562 3.8634648 1.4662687 1.5379754 -6.6892567 1.532692 17.13922 -3.130293130874634 0.9287131428718567
Car 0.0 0 2.446179151535034 954.5581665039062 169.725341796875 1242.0 353.3869934082031 3.7644222 1.5929395 1.6875727 5.6434975 1.5661619 7.150042 3.114358901977539 0.8895105123519897
Car 0.0 0 3.3070316314697266 427.5472106933594 176.3046112060547 502.9226989746094 206.1111297607422 3.7489884 1.5514678 1.5488242 -7.7341385 1.7403424 38.582203 3.1091949939727783 0.8173644542694092
Car 0.0 0 0.37405672669410706 307.86590576171875 177.8760223388672 447.6760559082031 226.39154052734375 3.8137167 1.4300435 1.5747803 -7.1791353 1.5923568 22.359564 0.06337738037109375 0.7980946898460388
Car 0.0 0 0.26338791847229004 392.51068115234375 178.28274536132812 481.5978698730469 215.31715393066406 3.5174499 1.5649148 1.4944123 -7.55237 1.8084108 31.516323 0.028189420700073242 0.4088646173477173
Car 0.0 0 0.25148069858551025 455.725830078125 173.3036346435547 524.6920166015625 195.67083740234375 4.079833 1.4017706 1.6524832 -7.6808653 1.4315789 46.257053 0.08693456649780273 0.3959006667137146
