Cyclist 0.0 0 1.9705008268356323 132.96005249023438 171.79969787597656 278.1414489746094 375.0 1.5578098 1.7663362 0.5757304 -3.6125863 1.7583884 6.486978 1.4623769521713257 0.6106464862823486
Cyclist 0.0 0 1.673311710357666 318.2354736328125 168.04403686523438 379.7228698730469 324.0865478515625 1.3384433 1.7424818 0.5733323 -3.1987035 1.6891282 8.773467 1.323700189590454 0.38503605127334595
Car 0.0 0 -2.06485915184021 783.3318481445312 184.0253448486328 1200.483642578125 375.0 3.5482852 1.4446789 1.534414 2.7622921 1.5702381 6.2551346 -1.649009346961975 0.9965620636940002
Car 0.0 0 -1.8354554176330566 669.590576171875 168.59185791015625 812.57275390625 274.2951354980469 3.8237448 1.6255691 1.5447563 2.1431828 1.5603809 13.074181 -1.6729756593704224 0.9884523749351501
Car 0.0 0 1.8932387828826904 222.90814208984375 183.04315185546875 381.5362548828125 277.2601013183594 4.172038 1.5412693 1.6407894 -5.9602313 1.7752309 14.401444 1.5008385181427002 0.9793154001235962
Car 0.0 0 2.0850963592529297 43.117130279541016 199.48263549804688 319.7596740722656 348.4985046386719 3.3882818 1.4073945 1.4831418 -5.143285 1.8066677 9.111928 1.571221947669983 0.9740168452262878
Car 0.0 0 1.762702465057373 405.798828125 180.6492462158203 462.9244384765625 216.8685760498047 4.060848 1.3942409 1.6169609 -7.439527 1.7489 30.726564 1.5251535177230835 0.9045220613479614
Car 0.0 0 -1.657477617263794 596.1929931640625 173.07913208007812 649.5269775390625 220.0276641845703 3.412211 1.5221457 1.5548854 0.34331167 1.5309055 25.16581 -1.643836498260498 0.8586293458938599
Car 0.0 0 -1.6406378746032715 567.79541015625 174.6097412109375 602.8790283203125 207.67239379882812 3.2196414 1.5251257 1.4780594 -1.2765399 1.6150786 35.13799 -1.676951289176941 0.631197452545166
Car 0.0 0 1.7556239366531372 445.0444030761719 176.97714233398438 476.4419250488281 198.97030639648438 4.229596 1.541642 1.5299654 -11.04871 1.8599086 53.501503 1.5519746541976929 0.5205339193344116
Car 0.0 0 -1.6634159088134766 545.1527709960938 172.25511169433594 574.6537475585938 197.11688232421875 3.9505699 1.6844195 1.7140169 -3.60483 1.6442009 50.97074 -1.7340219020843506 0.4929468035697937
