Car 0.0 0 1.9949579238891602 194.4971466064453 197.87171936035156 373.51708984375 295.3648681640625 3.8638046 1.4333524 1.5820144 -5.9326124 1.9706347 13.542045 1.582053780555725 0.9961102604866028
Car 0.0 0 2.189889907836914 0.0 201.24038696289062 257.3754577636719 375.0 3.993649 1.5091199 1.6194632 -5.8423038 1.9103698 8.190051 1.5702660083770752 0.9942116141319275
Car 0.0 0 1.7892075777053833 449.81805419921875 184.5700225830078 503.9803771972656 223.23089599609375 3.8665237 1.5401582 1.5525392 -5.8522277 2.0902205 31.89051 1.6077169179916382 0.9931614398956299
Car 0.0 0 2.703181028366089 849.928466796875 145.90969848632812 1026.3333740234375 209.27040100097656 4.230925 1.712771 1.6572918 9.119431 0.984769 20.36731 3.1241610050201416 0.9903379678726196
Car 0.0 0 1.8817691802978516 316.0935974121094 190.64344787597656 429.9323425292969 260.03887939453125 3.934123 1.4888165 1.6263069 -5.955468 1.9927514 18.454231 1.5696048736572266 0.9881489872932434
Car 0.0 0 1.8310770988464355 389.41455078125 187.26869201660156 467.2236633300781 237.26719665527344 3.9539328 1.4727612 1.5806406 -6.080383 2.0001185 24.38729 1.5867329835891724 0.9873467087745667
Car 0.0 0 -1.7257423400878906 666.7173461914062 175.35647583007812 728.8980712890625 221.41139221191406 4.103234 1.540273 1.6271288 3.0868292 1.6395477 26.436327 -1.609503984451294 0.9658344984054565
Car 0.0 0 -1.6374843120574951 660.9959106445312 176.21981811523438 703.3903198242188 215.220703125 3.7234614 1.6009561 1.6032652 3.0888398 1.7585827 31.826168 -1.540733814239502 0.8901842832565308
Car 0.0 0 1.7235653400421143 475.1695251464844 186.0341339111328 517.65869140625 217.05764770507812 3.7324488 1.4663163 1.6366091 -5.8945937 2.1868978 37.556824 1.567884087562561 0.8548699617385864
Car 0.0 0 -0.48429620265960693 802.109619140625 160.04656982421875 930.783203125 202.06155395507812 3.997692 1.414558 1.5525601 8.923272 0.98371613 25.348423 -0.14581872522830963 0.6838706731796265
Car 0.0 0 -3.5136568546295166 833.1431884765625 148.99496459960938 968.9857788085938 198.62994384765625 3.6814888 1.5218613 1.5704446 9.1252365 0.7906758 22.918201 -3.134732961654663 0.43217897415161133
