Car 0.0 0 0.4299508035182953 155.1329345703125 185.07403564453125 392.52386474609375 271.41973876953125 3.6615818 1.4822918 1.6301451 -6.176679 1.7240207 13.432116 -0.0010592734906822443 0.9968875050544739
Car 0.0 0 2.5908594131469727 863.3507080078125 178.95388793945312 1206.6197509765625 296.8450927734375 4.3287997 1.649256 1.6666822 6.301059 1.7510725 11.091812 3.1074790954589844 0.9822010397911072
Car 0.0 0 -0.1891983449459076 704.51708984375 184.49554443359375 808.3175048828125 223.1348876953125 4.06454 1.5625132 1.6204141 6.0888987 2.0683265 30.499037 0.007853269577026367 0.9706992506980896
Car 0.0 0 2.754765748977661 791.9849853515625 184.4730987548828 965.2398071289062 245.57167053222656 3.8443706 1.4647515 1.5912908 6.7490587 1.7768527 18.490362 3.1047441959381104 0.9679770469665527
Car 0.0 0 -2.690109968185425 336.90692138671875 185.2397918701172 490.02923583984375 241.3963623046875 3.9179776 1.4720019 1.5591129 -5.598346 1.8442553 20.534935 -2.9562673568725586 0.9618170857429504
Car 0.0 0 -2.7676892280578613 240.38893127441406 188.2659149169922 447.6146240234375 257.7478942871094 3.9796774 1.4101145 1.5248908 -5.77645 1.7654864 15.808741 -3.118013381958008 0.95441734790802
Car 0.0 0 -0.2878366708755493 765.2047729492188 182.96351623535156 927.4024047851562 235.01564025878906 4.1665907 1.4183676 1.5923973 6.680452 1.7224076 20.828772 0.022530078887939453 0.9532288908958435
Car 0.0 0 0.24652405083179474 375.7975769042969 178.1195831298828 501.4188232421875 225.58287048339844 4.0269837 1.6020231 1.6106821 -6.003695 1.7936287 25.36999 0.014153242111206055 0.9502823352813721
Car 0.0 0 -1.60394287109375 646.5140380859375 185.6610870361328 673.6171875 211.71340942382812 3.7601206 1.487767 1.5540427 3.053177 2.3204122 44.981647 -1.5361707210540771 0.8469977378845215
Car 0.0 0 0.3229485750198364 346.7536926269531 185.85684204101562 478.4119873046875 233.13345336914062 3.70294 1.4056336 1.6190714 -6.238525 1.8345492 22.865261 0.05659294128417969 0.8043805956840515
Car 0.0 0 -2.954523801803589 463.33831787109375 184.8077850341797 537.1409912109375 213.40798950195312 3.696527 1.4741625 1.523441 -5.889359 2.1295598 38.707962 -3.1055142879486084 0.7988419532775879
Car 0.0 0 0.2888543903827667 408.4628601074219 185.7620391845703 518.754638671875 222.646240234375 4.2617626 1.4630616 1.5891405 -6.1402636 2.0227907 30.284702 0.08881473541259766 0.5606343150138855
Car 0.0 0 1.2283439636230469 948.44287109375 170.65032958984375 1014.8858032226562 203.87191772460938 4.222224 1.5931964 1.6802514 18.81944 1.4878738 36.802135 1.7010446786880493 0.5346965789794922
Car 0.0 0 -0.8059595823287964 1073.28466796875 179.20970153808594 1242.0 363.7714538574219 3.5536354 1.5190654 1.5521466 6.596485 1.587115 6.8380756 -0.0385422520339489 0.5151498317718506
Car 0.0 0 0.1562674194574356 474.6117858886719 177.7611541748047 553.9404296875 207.69114685058594 4.3503656 1.6842064 1.6365454 -5.532357 1.974494 41.75645 0.02454352378845215 0.5072788596153259
