Car 0.0 0 2.151871681213379 0.0 201.69627380371094 254.3072967529297 361.68206787109375 3.5253263 1.4761804 1.5025804 -6.1257343 1.9099048 9.066267 1.5576671361923218 0.993417501449585
Car 0.0 0 1.868232250213623 338.658935546875 182.2709503173828 441.1773986816406 244.88441467285156 4.0354333 1.5437913 1.6531857 -6.13308 1.8370602 20.418068 1.5764312744140625 0.9904884099960327
Car 0.0 0 -1.7503401041030884 694.9280395507812 179.62014770507812 807.7940063476562 251.45413208007812 4.180662 1.3327082 1.6647418 2.8957727 1.5015087 15.868721 -1.569843053817749 0.986753523349762
Car 0.0 0 1.7764958143234253 442.1316223144531 182.07188415527344 498.3238525390625 219.37875366210938 3.8770618 1.4723212 1.6414626 -6.0465055 1.898628 31.387854 1.5861886739730835 0.979804515838623
Car 0.0 0 -0.39856380224227905 844.3751831054688 151.55514526367188 1046.21435546875 223.28378295898438 4.1732335 1.6795474 1.7376264 8.1032915 1.1811866 17.819624 0.028224706649780273 0.9044442176818848
Car 0.0 0 1.7461776733398438 472.90069580078125 180.17539978027344 514.8339233398438 210.7445831298828 3.315603 1.4583323 1.563436 -5.9273148 1.8499765 36.889072 1.5868600606918335 0.8662691116333008
Car 0.0 0 1.9548733234405518 268.42059326171875 195.84828186035156 393.7320861816406 269.6368713378906 3.2525978 1.4147155 1.5577154 -6.2876263 1.9931586 16.495502 1.5907024145126343 0.8572941422462463
Car 0.0 0 1.7605202198028564 483.5090637207031 178.44204711914062 523.86962890625 206.7295379638672 3.6983695 1.5324982 1.641556 -6.130303 1.8705282 41.714634 1.614606499671936 0.7562321424484253
Car 0.0 0 2.4866440296173096 976.0714721679688 142.05238342285156 1242.0 249.96070861816406 4.162767 1.6029958 1.604386 8.305971 1.1457906 11.586203 3.108612298965454 0.6367543339729309
Car 0.0 0 1.7850244045257568 521.6685791015625 177.56085205078125 551.9808349609375 198.33250427246094 3.5675488 1.5077085 1.5813102 -5.5766554 1.8795048 55.07544 1.6841135025024414 0.5962015390396118
Car 0.0 0 1.7322815656661987 498.205322265625 178.12908935546875 534.766845703125 203.86447143554688 4.1470942 1.5909657 1.7471628 -6.1440425 1.9544528 47.565525 1.6038228273391724 0.5401725769042969
Car 0.0 0 2.377873182296753 1081.4263916015625 164.28042602539062 1242.0 296.4338684082031 3.8961444 1.4552177 1.5367073 8.101374 1.361167 8.74267 3.1252171993255615 0.4905278980731964
Car 0.0 0 0.6423159837722778 145.76043701171875 180.2848663330078 289.9800720214844 229.87652587890625 3.8252656 1.474059 1.5780424 -12.397231 1.7203108 22.817175 0.1446089744567871 0.33981770277023315
