Pedestrian 0.0 0 -0.9554376006126404 615.7306518554688 164.21490478515625 666.4057006835938 258.000244140625 0.8360624 1.757385 0.6163297 0.7367291 1.4347512 13.976878 -0.902775764465332 0.9122639298439026
Pedestrian 0.0 0 -1.838215708732605 666.8974609375 160.12599182128906 708.7042846679688 257.4164123535156 0.75316185 1.8193988 0.62059224 1.616411 1.4209512 13.849785 -1.7220311164855957 0.864441990852356
Pedestrian 0.0 0 -1.421588659286499 650.1389770507812 165.2431182861328 686.7679443359375 240.2082061767578 1.0490898 1.7061446 0.71476257 1.5564817 1.3373634 16.94075 -1.329967975616455 0.8320846557617188
Pedestrian 0.0 0 -1.3082929849624634 707.1886596679688 164.0222625732422 740.8555908203125 233.8197784423828 1.0108253 1.7009504 0.5959038 3.0614433 1.276214 18.086676 -1.1406171321868896 0.6317545771598816
Pedestrian 0.0 0 -1.4307713508605957 690.242919921875 169.2846221923828 721.4345703125 242.70144653320312 1.0636657 1.6416007 0.57548636 2.3941905 1.3696816 16.650366 -1.2879581451416016 0.4870968163013458
Pedestrian 0.0 0 1.664438009262085 441.5032043457031 175.1872100830078 467.09088134765625 236.44003295898438 1.0186241 1.6851065 0.61841977 -4.1790695 1.5125912 20.299295 1.461402177810669 0.46049490571022034
Cyclist 0.0 0 1.8299480676651 464.8440856933594 169.56427001953125 500.3912353515625 233.85440063476562 1.6500096 1.8009684 0.62496144 -3.478825 1.467759 20.97107 1.6655582189559937 0.4586968719959259
Cyclist 0.0 0 1.681216835975647 493.14837646484375 171.3538818359375 514.9773559570312 222.58177185058594 1.7436413 1.7488104 0.5794539 -3.452618 1.4035165 25.398508 1.5461071729660034 0.387816458940506
Cyclist 0.0 0 1.5615735054016113 512.4547119140625 172.9136962890625 526.023193359375 216.0139923095703 1.6723689 1.7573326 0.5468499 -3.4735854 1.4082348 30.149706 1.4468679428100586 0.31402239203453064
Car 0.0 0 1.6481095552444458 537.6497802734375 177.23486328125 570.755615234375 205.3179168701172 3.6649861 1.4797167 1.5486507 -2.5698087 1.2558306 39.689144 1.5834513902664185 0.9870595932006836
