Pedestrian 0.0 0 -1.7043875455856323 647.7294921875 169.2624053955078 684.9776611328125 251.52670288085938 0.8945982 1.7274953 0.6872071 1.1585497 1.6524323 15.616018 -1.630333423614502 0.30700644850730896
Car 0.0 0 1.8432209491729736 294.8948974609375 192.91127014160156 446.57757568359375 300.6779479980469 3.6063452 1.4754455 1.5296128 -3.9686618 1.871129 12.387995 1.5331882238388062 0.9952892065048218
Car 0.0 0 -1.8880386352539062 754.3956298828125 183.77456665039062 949.1148681640625 315.21356201171875 3.4872236 1.4577687 1.483785 3.0811844 1.6368787 10.0497465 -1.5905439853668213 0.9899797439575195
Car 0.0 0 -1.786649465560913 673.4110107421875 177.18663024902344 786.2420043945312 263.248046875 3.4777596 1.5990477 1.6273369 2.370818 1.7024426 15.370052 -1.6336064338684082 0.988929808139801
Car 0.0 0 -1.6471234560012817 633.4494018554688 178.32020568847656 679.8966674804688 219.8652801513672 3.751578 1.4735838 1.4999443 1.7069027 1.7001802 27.973545 -1.586180567741394 0.9831015467643738
Car 0.0 0 -2.146437644958496 858.2706909179688 187.9200439453125 1242.0 375.0 3.9645896 1.468663 1.5699345 3.2916129 1.6224412 5.3445206 -1.5944193601608276 0.9775110483169556
Car 0.0 0 2.0799009799957275 0.0 198.7315673828125 351.6258239746094 375.0 4.0388513 1.5398973 1.6587594 -3.615366 1.8231603 5.8300114 1.5248112678527832 0.9590110778808594
Car 0.0 0 1.6792027950286865 504.6785583496094 178.6747589111328 536.198486328125 204.9281463623047 3.8704295 1.5527487 1.5638245 -5.635409 1.935744 45.482204 1.5559275150299072 0.9315643310546875
Car 0.0 0 1.7127323150634766 442.6263122558594 172.81565856933594 510.771728515625 234.46527099609375 4.2849717 1.8410571 1.6062087 -4.32483 1.8402702 23.716475 1.5323587656021118 0.8485376834869385
Car 0.0 0 -1.7064974308013916 622.270263671875 179.33692932128906 668.2701416015625 216.01429748535156 3.855624 1.5528375 1.5970554 1.5265665 1.8697836 33.241272 -1.660605788230896 0.82533198595047
Car 0.0 0 1.6894530057907104 472.5077209472656 182.3971710205078 522.1611938476562 223.48233032226562 3.9013307 1.548929 1.5951236 -4.673222 1.9735339 30.095945 1.5354057550430298 0.5195719003677368
