Car 0.0 0 2.090695858001709 27.10867691040039 206.0030059814453 305.47930908203125 346.7202453613281 3.8587537 1.427878 1.5773422 -5.9339375 1.984391 10.166855 1.562381386756897 0.9976930022239685
Car 0.0 0 1.7844276428222656 429.2392578125 186.8932342529297 489.1893615722656 229.9662322998047 3.876764 1.5085701 1.5273632 -5.9147205 2.100996 28.481123 1.5796664953231812 0.9962228536605835
Car 0.0 0 -1.7305243015289307 674.2286987304688 177.01370239257812 749.253173828125 227.14132690429688 4.1122227 1.4306998 1.7106438 3.093904 1.5757248 23.013313 -1.5968858003616333 0.9925110340118408
Car 0.0 0 1.8568941354751587 345.7159118652344 189.72373962402344 444.84814453125 250.56997680664062 4.1858306 1.4894286 1.6267413 -6.127927 2.0277858 20.914268 1.5718696117401123 0.9914897680282593
Car 0.0 0 1.9272867441177368 245.76321411132812 201.03445434570312 391.0323181152344 287.057861328125 3.7917342 1.4191661 1.5655538 -5.9471636 2.082581 15.063491 1.5512655973434448 0.9830978512763977
Car 0.0 0 2.5825276374816895 913.7905883789062 148.80630493164062 1128.28173828125 216.8995361328125 4.1508427 1.5043823 1.5685136 9.432771 0.97345483 16.821085 3.093602418899536 0.9760339856147766
Car 0.0 0 -1.6727757453918457 665.04931640625 175.88510131835938 715.685546875 218.14910888671875 3.6961927 1.54036 1.5985597 3.057495 1.6678681 28.412441 -1.5655771493911743 0.9219359159469604
Car 0.0 0 1.7436928749084473 460.1490783691406 185.90084838867188 509.61553955078125 218.88153076171875 3.8860712 1.4027203 1.6641167 -5.8978934 2.0561287 34.16864 1.572765827178955 0.8569236993789673
Car 0.0 0 2.6329448223114014 873.8274536132812 146.71685791015625 1029.6328125 204.22616577148438 3.5145574 1.4820068 1.500518 9.104642 0.80881447 19.464424 3.070467948913574 0.7813665866851807
Car 0.0 0 2.5486536026000977 835.8679809570312 155.24111938476562 977.511474609375 206.3097686767578 3.7927597 1.4728178 1.5011717 8.937563 0.96522117 21.928852 2.9356696605682373 0.7605907917022705
Car 0.0 0 -1.622886300086975 722.2586059570312 169.60311889648438 804.298583984375 245.67620849609375 3.9772274 1.5981917 1.6750029 3.4960775 1.530253 17.246103 -1.422879695892334 0.5481185913085938
Car 0.0 0 -1.6739083528518677 651.7550659179688 174.02362060546875 689.4528198242188 207.26869201660156 4.0444517 1.66572 1.5765897 3.131002 1.7315229 38.331608 -1.5924073457717896 0.42081233859062195
Car 0.0 0 2.5918099880218506 781.5838012695312 164.0152587890625 925.1332397460938 208.20376586914062 4.462597 1.4424355 1.6995782 8.315676 1.1542724 24.880861 2.914358139038086 0.30473095178604126
