Car 0.0 0 2.1391427516937256 0.0 188.17092895507812 279.3173522949219 367.1778564453125 4.007667 1.5839472 1.6644515 -5.7860036 1.8128018 8.744045 1.5545810461044312 0.998279333114624
Car 0.0 0 1.8229055404663086 347.9959716796875 186.84918212890625 445.6199035644531 250.9357147216797 3.9841857 1.5058637 1.621505 -5.776742 1.9303722 19.848478 1.539687156677246 0.992000937461853
Car 0.0 0 1.7915610074996948 447.79937744140625 182.23741149902344 506.3403015136719 222.08718872070312 3.7865734 1.5081481 1.6132802 -5.5181813 1.925448 30.134216 1.6104475259780884 0.9878910779953003
Car 0.0 0 1.8065820932388306 413.9784851074219 186.5865020751953 482.85302734375 233.70103454589844 3.6738448 1.447881 1.5190051 -5.5788083 1.9611793 25.098722 1.5878632068634033 0.9820709824562073
Car 0.0 0 -2.176060676574707 885.8649291992188 184.3938446044922 1242.0 375.0 3.9468195 1.5394647 1.6502072 3.1312096 1.6405863 4.3052874 -1.5472506284713745 0.9543952345848083
Car 0.0 0 1.7466500997543335 476.21875 181.536376953125 523.86962890625 212.7374267578125 4.099653 1.4240595 1.668465 -5.4804335 1.884384 36.151833 1.596200704574585 0.9418712854385376
Car 0.0 0 1.7062432765960693 508.1248779296875 178.5960235595703 543.5817260742188 205.2670440673828 3.7356548 1.5133739 1.6417878 -5.076635 1.875981 43.633568 1.5904170274734497 0.7643112540245056
Car 0.0 0 -0.6136998534202576 1059.7591552734375 148.67486572265625 1178.1982421875 179.98739624023438 4.363179 1.424639 1.6476831 23.633913 0.32490912 33.652325 -0.0014342071954160929 0.5295615792274475
Car 0.0 0 -1.6269325017929077 663.8157348632812 175.0118865966797 701.162841796875 206.27976989746094 4.0149384 1.5371699 1.7122787 3.7074645 1.656665 37.792118 -1.5291439294815063 0.3460237979888916
Car 0.0 0 -1.8306552171707153 719.6138916015625 169.6478271484375 766.0925903320312 198.43214416503906 3.671051 1.5454863 1.6786531 7.390579 1.373699 40.634724 -1.6507433652877808 0.3190856873989105
