Pedestrian 0.0 0 -1.7748422622680664 252.58627319335938 188.48687744140625 297.24212646484375 280.4317932128906 0.7863583 1.6732054 0.62617403 -6.4658623 1.9835193 13.800942 -2.2129809856414795 0.3369412422180176
Pedestrian 0.0 0 1.4125175476074219 275.76080322265625 182.62252807617188 317.652587890625 267.75152587890625 0.9466981 1.7024677 0.66240436 -6.6305923 1.9156076 15.136805 0.999650239944458 0.3080325722694397
Car 0.0 0 -1.3636173009872437 286.6030578613281 195.30242919921875 489.1009826660156 349.76666259765625 4.1137557 1.4806316 1.694065 -2.7257528 1.8465446 9.636927 -1.6392618417739868 0.9975711703300476
Car 0.0 0 -1.7380682229995728 662.0714721679688 183.8594512939453 742.6923217773438 249.10696411132812 3.720012 1.5451008 1.5490786 2.362459 1.87362 19.61748 -1.6182191371917725 0.9943232536315918
Car 0.0 0 -1.8492544889450073 714.6156616210938 173.99855041503906 917.9910278320312 335.5924987792969 3.565366 1.7478952 1.605077 2.4531693 1.7664009 9.63267 -1.5998836755752563 0.992679238319397
Car 0.0 0 1.6794471740722656 478.4672546386719 188.96131896972656 543.892578125 240.5654296875 4.1583247 1.4232495 1.6472346 -3.1429272 1.9908392 23.307356 1.5454087257385254 0.9811827540397644
Car 0.0 0 -1.643287181854248 627.3762817382812 182.55398559570312 655.0755615234375 207.7660369873047 3.9553206 1.6298802 1.6352215 2.1052847 2.331838 50.1844 -1.60136079788208 0.9596975445747375
Car 0.0 0 -1.7131664752960205 698.3031005859375 193.6408233642578 805.5772705078125 279.9419860839844 3.5071216 1.4096196 1.5813674 2.6546574 1.8770179 14.4253235 -1.531175136566162 0.8997485637664795
Car 0.0 0 1.6498991250991821 622.2755126953125 175.36102294921875 643.56982421875 194.5758514404297 3.6193705 1.671819 1.6430304 2.0752685 1.9051478 65.15848 1.6817378997802734 0.6735381484031677
Car 0.0 0 1.5028774738311768 537.550537109375 185.2938995361328 568.2854614257812 214.2520294189453 3.7140887 1.6379074 1.6315415 -3.5857527 2.4383616 44.447155 1.422377347946167 0.6627136468887329
Car 0.0 0 1.7055583000183105 445.67791748046875 194.28857421875 522.0074462890625 256.72882080078125 3.5465243 1.391588 1.5236515 -3.2952766 2.0132701 19.11295 1.5348261594772339 0.5801529884338379
Car 0.0 0 1.6403934955596924 564.38134765625 185.62567138671875 585.7658081054688 203.72885131835938 3.7626827 1.4682829 1.6120195 -3.047966 2.6191065 63.094902 1.5921233892440796 0.38440629839897156
