Pedestrian 0.0 0 1.7738624811172485 701.049560546875 165.5735321044922 731.0873413085938 225.0515899658203 0.87104017 1.7197653 0.7220399 3.1043396 1.5096138 21.39237 1.917970895767212 0.3175426125526428
Car 0.0 0 1.946213960647583 114.94741821289062 196.25003051757812 442.1085205078125 375.0 4.091268 1.4365783 1.6837285 -3.1602452 1.7556045 7.7703953 1.5599422454833984 0.9977788329124451
Car 0.0 0 1.721976399421692 471.4502258300781 186.31414794921875 546.7325439453125 243.76943969726562 3.7716255 1.4310664 1.5890019 -2.8524342 1.8540496 20.755074 1.5853989124298096 0.996239423751831
Car 0.0 0 -1.7713935375213623 669.8358764648438 181.76927185058594 758.3340454101562 250.08921813964844 3.5794408 1.5170947 1.5146025 2.4900439 1.7667015 18.334095 -1.6364045143127441 0.9946513772010803
Car 0.0 0 -1.8837144374847412 747.4117431640625 193.05577087402344 1037.16650390625 373.5821838378906 4.0648384 1.3807366 1.6562748 2.671147 1.6626022 8.012055 -1.5619120597839355 0.9936041235923767
Car 0.0 0 -1.8241331577301025 705.42919921875 187.41900634765625 843.2966918945312 284.8398742675781 3.5475938 1.4473691 1.5444454 2.7587702 1.7479717 13.064222 -1.6160207986831665 0.9888255000114441
Car 0.0 0 -1.6349358558654785 633.8336791992188 175.22608947753906 667.9066162109375 206.09628295898438 4.07051 1.6790968 1.6938015 2.274234 1.8229444 41.600487 -1.5803217887878418 0.9854143857955933
Car 0.0 0 1.6336967945098877 517.7150268554688 180.70945739746094 560.9712524414062 217.9272918701172 3.77783 1.4847863 1.6462443 -3.0688152 1.8490578 31.507376 1.5366032123565674 0.9824221730232239
Car 0.0 0 -1.7363393306732178 659.2766723632812 173.45513916015625 729.7908325195312 232.37100219726562 3.779855 1.7170675 1.609176 2.558686 1.7381961 22.996563 -1.6255311965942383 0.928745448589325
Car 0.0 0 1.5510690212249756 559.19140625 179.80709838867188 580.6658935546875 198.42330932617188 3.8293803 1.4164839 1.6529974 -3.2919915 1.9980962 58.343243 1.494704246520996 0.7536073923110962
Car 0.0 0 1.840183973312378 422.3308410644531 182.74664306640625 484.879150390625 224.70155334472656 3.9099576 1.5060546 1.452442 -6.209363 1.9290757 28.831635 1.6280577182769775 0.3848162591457367
