Car 0.0 0 -1.6966729164123535 671.9992065429688 185.1949920654297 747.84619140625 241.59906005859375 4.29132 1.3664991 1.5820811 2.6884072 1.7554327 20.56714 -1.5666961669921875 0.9978150129318237
Car 0.0 0 -0.26259008049964905 732.10546875 178.38925170898438 854.7137451171875 220.93923950195312 3.8930027 1.438094 1.671036 6.3651996 1.6406157 25.479965 -0.01778842881321907 0.987905740737915
Car 0.0 0 0.4393829107284546 102.7057113647461 185.2194061279297 398.52557373046875 278.8213195800781 4.350187 1.4944681 1.6033372 -6.1446447 1.7246418 12.572661 -0.015208627097308636 0.9817484021186829
Car 0.0 0 3.2303013801574707 441.4658203125 180.7018585205078 528.1932983398438 215.25668334960938 3.9570668 1.5842417 1.6868088 -5.970318 1.9711895 34.537067 3.059126138687134 0.9362209439277649
Car 0.0 0 -2.3943910598754883 0.0 200.4075469970703 249.41908264160156 375.0 3.9311347 1.4883271 1.570008 -5.9714518 1.7953726 7.144253 -3.090606689453125 0.9300731420516968
Car 0.0 0 -2.60421085357666 231.55694580078125 180.89422607421875 430.7613220214844 251.08746337890625 4.2285624 1.5506614 1.6465183 -6.700934 1.7576411 17.372066 -2.972355604171753 0.7628212571144104
Car 0.0 0 0.19948819279670715 467.30963134765625 179.67800903320312 541.9041748046875 209.85997009277344 3.7764723 1.5858108 1.5539254 -5.7249928 1.9650872 39.183784 0.05440855026245117 0.7553915977478027
Car 0.0 0 3.3955905437469482 340.052001953125 184.8531951904297 488.243896484375 232.406494140625 4.064673 1.3618934 1.6386137 -5.9118395 1.740821 21.923061 3.132192850112915 0.6115117073059082
Car 0.0 0 0.11093152314424515 478.43792724609375 176.22544860839844 542.6697387695312 202.08828735351562 3.7301037 1.5407823 1.6303962 -6.069029 1.7511134 44.07131 -0.025917045772075653 0.5907373428344727
Car 0.0 0 -2.6157968044281006 149.5187225341797 187.7563934326172 370.1767272949219 264.10809326171875 3.8822901 1.4634374 1.626343 -7.308041 1.7967951 15.160899 -3.064967155456543 0.49780407547950745
Car 0.0 0 -1.5964469909667969 628.3078002929688 180.3798828125 648.2249145507812 198.90811157226562 4.003886 1.5437826 1.6512107 2.4493666 2.2302294 63.7632 -1.55805242061615 0.4807227849960327
Car 0.0 0 -0.15978258848190308 691.7025756835938 180.7354278564453 775.9705200195312 207.6809539794922 4.3955297 1.442328 1.572352 6.764981 1.8872657 39.89398 0.008193492889404297 0.3128662705421448
