Pedestrian 0.0 0 1.8912423849105835 245.7366485595703 169.3190460205078 337.55072021484375 328.1471862792969 1.0147132 1.7256896 0.6973339 -3.6104846 1.5946988 8.3382845 1.482614517211914 0.7585657238960266
Pedestrian 0.0 0 -1.9234187602996826 841.1547241210938 160.29409790039062 884.159912109375 248.4786834716797 0.65542334 1.7514135 0.6317333 5.259754 1.3314952 14.593893 -1.5775021314620972 0.4562617540359497
Pedestrian 0.0 0 1.540427803993225 885.034912109375 130.08460998535156 990.1090698242188 374.0 0.93289995 1.7747962 0.6585245 2.442467 1.4296467 5.396391 1.9654511213302612 0.43394795060157776
Pedestrian 0.0 0 3.4193131923675537 237.7496795654297 154.1861114501953 291.9215087890625 277.00634765625 0.59182954 1.777449 0.6070597 -5.065112 1.3834765 10.74061 2.9786548614501953 0.34870198369026184
Pedestrian 0.0 0 1.5827468633651733 485.45489501953125 171.04933166503906 498.5080871582031 210.45541381835938 0.672102 1.6924789 0.55421686 -4.768505 1.2445915 31.220978 1.43118417263031 0.30039432644844055
Cyclist 0.0 0 -1.9766504764556885 872.505859375 126.52774047851562 1040.2412109375 374.0 1.5410943 1.7975744 0.5249907 2.4972785 1.4496565 5.3406 -1.5392550230026245 0.3265516757965088
Car 0.0 0 1.612166404724121 529.2891235351562 175.71783447265625 568.5125732421875 211.53677368164062 3.8896666 1.5018615 1.588816 -2.3059657 1.2603979 32.084705 1.5404186248779297 0.9359092712402344
Car 0.0 0 -1.669565200805664 646.90283203125 170.7098388671875 683.0755004882812 201.4163360595703 3.6236935 1.6080784 1.6195427 3.4416988 1.0438553 39.437305 -1.5825155973434448 0.7407575845718384
Car 0.0 0 -1.6599631309509277 669.19384765625 167.75540161132812 722.292236328125 216.36029052734375 3.6712317 1.7198017 1.6626633 3.4929025 1.2345301 27.28046 -1.5326192378997803 0.6950397491455078
Car 0.0 0 -1.591788649559021 725.3847045898438 180.3140869140625 815.3380126953125 261.6913146972656 3.4920151 1.478784 1.6112231 3.410482 1.4585011 14.923806 -1.367120385169983 0.5557768940925598
Car 0.0 0 -1.6920671463012695 642.3515625 171.23147583007812 676.433349609375 198.95166015625 4.254945 1.6129037 1.56526 3.5009842 1.0162071 43.952137 -1.6125805377960205 0.45662495493888855
