Car 0.0 0 -1.704095721244812 684.3527221679688 179.94970703125 749.0641479492188 231.81338500976562 3.536964 1.4808607 1.5522588 3.25566 1.7235044 22.859673 -1.5626276731491089 0.9959491491317749
Car 0.0 0 -1.8901362419128418 768.2584838867188 180.27171325683594 1003.476318359375 335.1632385253906 3.655385 1.5373198 1.6272748 3.154022 1.6508834 9.171808 -1.5589219331741333 0.9926396608352661
Car 0.0 0 3.8276987075805664 0.0 189.90899658203125 228.7364044189453 354.18072509765625 4.246439 1.4869027 1.6303815 -6.630996 1.687665 7.5935416 3.109865427017212 0.9903111457824707
Car 0.0 0 0.2594570517539978 341.4797058105469 174.39166259765625 493.53167724609375 230.45545959472656 4.323726 1.6867806 1.6193112 -5.9804287 1.7369508 22.560852 0.00033664703369140625 0.9701088666915894
Car 0.0 0 0.39687713980674744 268.52740478515625 181.31887817382812 448.9967346191406 247.3777618408203 3.8551457 1.509677 1.5793352 -6.1057153 1.7275848 17.630608 0.06349039077758789 0.9574153423309326
Car 0.0 0 0.3753843307495117 130.98338317871094 180.03823852539062 369.6654052734375 273.1679992675781 3.5361872 1.5545577 1.6501774 -6.451172 1.6955299 13.154957 -0.08055265992879868 0.9395742416381836
Car 0.0 0 0.32007700204849243 216.5000762939453 186.3218994140625 434.1844177246094 260.9779052734375 3.967687 1.4461786 1.5729614 -5.906983 1.746495 15.180814 -0.051004983484745026 0.8334797024726868
Car 0.0 0 -2.251859188079834 895.3286743164062 180.4910125732422 1242.0 375.0 3.941199 1.5563391 1.6493472 3.1061745 1.6189607 3.9021368 -1.5795506238937378 0.7948257327079773
Car 0.0 0 -3.347867965698242 735.7135620117188 177.6990966796875 831.5807495117188 217.73666381835938 3.6040094 1.6021068 1.6530479 7.110246 1.809507 29.955751 -3.1148223876953125 0.7243000268936157
Car 0.0 0 -2.78047251701355 312.29327392578125 183.63693237304688 484.41131591796875 237.10289001464844 4.333282 1.3927088 1.5666674 -5.8774285 1.707979 20.121988 -3.0646564960479736 0.6359784007072449
Car 0.0 0 0.06592736393213272 486.2134094238281 176.69908142089844 548.1470947265625 201.04293823242188 3.8360476 1.5177319 1.6240896 -5.9359283 1.7692795 46.204487 -0.06184358149766922 0.5793896317481995
Car 0.0 0 -0.1442399024963379 716.6507568359375 178.43910217285156 808.584228515625 213.2801513671875 3.8561664 1.5118601 1.6555233 6.786185 1.7715343 32.554005 0.06127619743347168 0.5767140984535217
Car 0.0 0 -2.798835039138794 403.0763854980469 180.57408142089844 506.12744140625 221.8235626220703 3.5019467 1.4898088 1.596372 -5.9170427 1.7948871 27.45785 -3.011084794998169 0.4432211220264435
Car 0.0 0 -2.986509084701538 509.0930480957031 174.16647338867188 564.6728515625 199.60794067382812 3.7094154 1.7751364 1.8061384 -5.211211 1.8709041 51.44688 -3.0874578952789307 0.4357570707798004
