Pedestrian 0.0 0 -2.0040242671966553 962.7476196289062 162.068115234375 1034.328369140625 282.5989990234375 0.8255121 1.6178724 0.58212787 5.502087 1.3583661 10.070779 -1.503994107246399 0.7970551252365112
Pedestrian 0.0 0 1.664284348487854 471.24365234375 176.9180145263672 489.3034973144531 222.9413604736328 0.552867 1.5674424 0.5659746 -4.196492 1.4124655 24.75883 1.4963852167129517 0.4455116391181946
Car 0.0 0 -1.7250654697418213 690.2965698242188 168.3203887939453 765.3468627929688 232.19764709472656 3.5978317 1.7435652 1.6470455 3.645185 1.3849771 21.41527 -1.556467056274414 0.9804839491844177
Car 0.0 0 1.651766300201416 516.3544311523438 183.16380310058594 568.9888305664062 227.63531494140625 3.691024 1.4906752 1.6092046 -2.0862365 1.5563318 26.059341 1.571879506111145 0.9618306756019592
Car 0.0 0 -1.721856951713562 660.1654663085938 172.20423889160156 705.3642578125 211.6000518798828 3.7036564 1.7512121 1.5624981 3.760552 1.3389468 33.810413 -1.6110875606536865 0.7385197877883911
Car 0.0 0 -1.7504465579986572 801.7498168945312 203.01194763183594 1001.9730834960938 355.80755615234375 3.450496 1.3303876 1.5230213 3.296812 1.6444703 8.605122 -1.384574294090271 0.5012416839599609
Car 0.0 0 -1.691042423248291 638.192138671875 174.06582641601562 668.7371215820312 197.06944274902344 4.5177965 1.556463 1.619261 3.653887 1.0541177 50.89665 -1.6193751096725464 0.4855051338672638
Car 0.0 0 1.5811573266983032 546.9479370117188 178.7703857421875 576.8555297851562 206.5713653564453 4.147348 1.4792839 1.5906271 -2.2003398 1.3348823 40.326584 1.5266484022140503 0.4030449688434601
Car 0.0 0 -1.7091741561889648 652.7987060546875 177.9646759033203 692.8108520507812 209.2788848876953 4.073621 1.6149063 1.6100403 3.8274946 1.4334465 39.110653 -1.611621618270874 0.39521369338035583
Car 0.0 0 -1.5880861282348633 538.8533935546875 180.58831787109375 557.0933227539062 197.26202392578125 3.7122676 1.4030308 1.5105022 -4.6328545 1.3267785 62.359978 -1.66224205493927 0.33168652653694153
