Car 0.0 0 -1.902170181274414 734.0709228515625 171.43252563476562 1005.0133056640625 346.7762451171875 4.2569294 1.6236666 1.6696395 2.7291746 1.6108618 8.83247 -1.6024831533432007 0.9919209480285645
Car 0.0 0 -1.7782318592071533 700.4297485351562 184.5348663330078 823.2752075195312 265.0523986816406 3.809869 1.3302768 1.5974888 2.8168397 1.5946581 14.390158 -1.5849283933639526 0.9882994890213013
Car 0.0 0 -2.4445271492004395 0.0 180.49588012695312 276.4606628417969 324.0463562011719 4.0766416 1.4856304 1.6326761 -6.38316 1.5856284 8.483926 -3.0895514488220215 0.9838302731513977
Car 0.0 0 -1.7111656665802002 678.5345458984375 174.77587890625 759.7312622070312 238.1897430419922 3.7941704 1.5676471 1.6652955 2.8479075 1.6259378 19.848267 -1.5686544179916382 0.9809048175811768
Car 0.0 0 -2.5736067295074463 12.804361343383789 179.7508544921875 331.3157043457031 283.69757080078125 3.940647 1.4553505 1.6089156 -6.6132064 1.5698572 11.076632 -3.1118478775024414 0.9757543802261353
Car 0.0 0 -2.6731204986572266 111.51874542236328 171.48153686523438 371.1579284667969 265.8389892578125 3.8698032 1.6041765 1.6532624 -6.5956187 1.5812011 13.094408 -3.139721632003784 0.9589909911155701
Car 0.0 0 3.5224502086639404 194.19589233398438 171.48773193359375 422.07159423828125 249.4582977294922 4.2429495 1.5947455 1.631374 -6.4429345 1.5671589 15.593862 3.130641222000122 0.9447230696678162
Car 0.0 0 3.2871124744415283 440.0940246582031 172.2805633544922 520.0145263671875 206.6161651611328 3.6108022 1.6235207 1.6964508 -6.2958126 1.5967646 35.020554 3.1092376708984375 0.9355502724647522
Car 0.0 0 -1.6905403137207031 650.3129272460938 173.4439697265625 695.8424072265625 210.61849975585938 3.865502 1.5349174 1.5352802 2.6806347 1.5628893 31.810268 -1.6064695119857788 0.9316927790641785
Car 0.0 0 -2.4945831298828125 306.3614196777344 173.26626586914062 458.2738342285156 232.2272491455078 3.8116553 1.527653 1.6579977 -6.3846607 1.5403231 20.128685 -2.801736831665039 0.8866802453994751
Car 0.0 0 -1.5479363203048706 640.81201171875 169.8462371826172 670.9349975585938 200.0380401611328 3.862857 1.702077 1.6919438 2.7179763 1.532871 42.671562 -1.484326958656311 0.821766197681427
Car 0.0 0 3.2493813037872314 401.3039245605469 177.26922607421875 502.0343322753906 214.97128295898438 3.941723 1.5027452 1.6087732 -6.5555534 1.692907 30.004238 3.034274101257324 0.7963623404502869
Car 0.0 0 -2.794532299041748 337.5693664550781 167.50546264648438 476.1357421875 222.90347290039062 3.822406 1.6542896 1.6737343 -6.320245 1.4949301 22.518562 -3.0681605339050293 0.6133493185043335
Car 0.0 0 -2.8415582180023193 457.2882385253906 170.76756286621094 536.164306640625 201.04283142089844 4.010851 1.640524 1.7451674 -6.322586 1.5278246 40.2469 -2.997379779815674 0.4531536400318146
Car 0.0 0 -2.837700366973877 472.1729431152344 168.31838989257812 542.1840209960938 198.5111083984375 3.803088 1.7516806 1.677948 -6.1354074 1.4888974 42.99341 -2.9794490337371826 0.35057541728019714
