Pedestrian 0.0 0 0.04723396897315979 280.5911560058594 168.50071716308594 333.3945007324219 281.5171203613281 0.7735695 1.784484 0.66101855 -4.8564887 1.5805272 11.78114 -0.3437671661376953 0.9597133994102478
Pedestrian 0.0 0 -2.4576847553253174 697.1719360351562 169.5825958251953 812.1286010742188 342.8533020019531 1.1224661 1.7354633 0.5512067 1.5952554 1.6174669 7.80113 -2.2559752464294434 0.7988666296005249
Pedestrian 0.0 0 2.273754835128784 1020.14111328125 152.9701690673828 1096.3021240234375 289.425537109375 0.6822019 1.7940153 0.57374465 6.190137 1.420255 9.817657 2.8363070487976074 0.6672018766403198
Pedestrian 0.0 0 0.05753445625305176 1073.143798828125 141.7725372314453 1141.0233154296875 310.86334228515625 0.59975284 1.8214736 0.5730359 5.689946 1.3948809 8.146045 0.6672475337982178 0.6614668965339661
Pedestrian 0.0 0 -0.3611268401145935 789.1409912109375 157.7559356689453 893.143798828125 318.0982971191406 1.0036865 1.7627033 0.51713884 2.6642203 1.5030313 8.175734 -0.04610893875360489 0.4937070310115814
Pedestrian 0.0 0 -2.107238292694092 617.66650390625 159.66290283203125 662.5028076171875 235.54327392578125 1.0082673 1.734925 0.63180184 0.87129736 1.2368535 17.01464 -2.056074380874634 0.4126271605491638
Pedestrian 0.0 0 1.508772611618042 660.0848388671875 169.33389282226562 681.230712890625 220.97210693359375 0.63182855 1.6691276 0.6503155 2.2386866 1.2769718 23.542881 1.6035772562026978 0.4114197790622711
Car 0.0 0 -1.5739946365356445 521.0792236328125 175.81227111816406 555.1177978515625 203.87442016601562 3.9209976 1.4030343 1.6991612 -3.3581102 1.1195427 37.942184 -1.6622705459594727 0.8944928050041199
Car 0.0 0 1.7097209692001343 444.8731384277344 164.5294189453125 501.5980529785156 213.0492401123047 4.444554 1.8614994 1.7151988 -5.2477093 1.2114319 29.808044 1.5354565382003784 0.48945513367652893
Car 0.0 0 -1.6534274816513062 573.4707641601562 171.80345153808594 609.6087646484375 200.75924682617188 3.9241283 1.4940915 1.6381829 -0.5885349 0.9946188 39.095394 -1.6684801578521729 0.48931723833084106
Car 0.0 0 1.767932653427124 408.76544189453125 160.7806854248047 489.7001037597656 227.53411865234375 4.7114 1.9747232 1.7008488 -4.8952665 1.3629262 23.609274 1.5634845495224 0.4713800549507141
