Car 0.0 0 2.02445650100708 30.601919174194336 195.8212127685547 406.9154357910156 376.0 4.059644 1.3794953 1.654245 -3.5297816 1.5198686 7.397509 1.5792487859725952 0.9962425231933594
Car 0.0 0 1.8908395767211914 328.34002685546875 188.00967407226562 414.16766357421875 234.65362548828125 3.5850132 1.3492857 1.5317476 -7.438362 1.4460377 22.802086 1.5755099058151245 0.988907516002655
Car 0.0 0 -1.5273114442825317 584.1427001953125 181.23342895507812 620.85693359375 212.94638061523438 3.7188928 1.4558531 1.6230859 -0.24101248 1.2741703 34.884773 -1.5342200994491577 0.951047420501709
Car 0.0 0 2.1811861991882324 36.604270935058594 189.9517822265625 265.4383850097656 284.26849365234375 3.4534214 1.352007 1.57482 -7.5669165 1.4455051 12.247211 1.6277464628219604 0.932142972946167
Car 0.0 0 1.6817649602890015 492.43182373046875 184.28280639648438 534.249755859375 216.03643798828125 3.803339 1.4586167 1.6044699 -4.5655494 1.4168959 34.933758 1.5518099069595337 0.8759569525718689
Car 0.0 0 1.7459992170333862 439.0909423828125 174.2999725341797 526.97412109375 244.9613494873047 3.6956792 1.712175 1.6946976 -3.2759736 1.4488105 19.268154 1.577589511871338 0.7306084632873535
Car 0.0 0 1.750014066696167 414.64495849609375 183.31764221191406 463.8586730957031 214.54759216308594 3.4285707 1.3388879 1.5856577 -7.609219 1.258646 32.566933 1.520483136177063 0.7010087370872498
Car 0.0 0 2.078003168106079 120.85629272460938 180.612060546875 247.37547302246094 232.96705627441406 3.820436 1.3997724 1.5350958 -12.335381 1.27782 21.141563 1.5498298406600952 0.5918127298355103
Car 0.0 0 1.7854496240615845 295.6054992675781 183.7259521484375 356.0294494628906 217.9043426513672 4.0680676 1.426072 1.6846399 -12.548223 1.365045 32.131107 1.4131319522857666 0.5541960000991821
Car 0.0 0 2.310981273651123 0.0 192.8876190185547 117.35858917236328 278.1984558105469 3.7512496 1.3640614 1.5423243 -11.528888 1.5322119 13.739493 1.6128461360931396 0.5335171818733215
