Car 0.0 0 1.8313357830047607 428.3916320800781 186.72885131835938 488.9436340332031 226.09788513183594 3.6372988 1.4661216 1.582675 -6.2676377 2.0798926 30.037472 1.6256266832351685 0.9953241944313049
Car 0.0 0 1.7680199146270752 458.6716003417969 184.11680603027344 505.93017578125 218.8101348876953 3.9165 1.5435895 1.5429944 -6.232925 2.1267426 35.357998 1.5935320854187012 0.9867914915084839
Car 0.0 0 2.2369532585144043 0.0 218.55453491210938 212.86378479003906 375.0 4.060841 1.4559605 1.5922798 -5.962272 2.048848 7.307775 1.552603840827942 0.9801802635192871
Car 0.0 0 2.07292103767395 156.90040588378906 199.65106201171875 229.29910278320312 231.83387756347656 3.6207342 1.3997636 1.6042258 -20.89174 2.8142824 36.248352 1.5500726699829102 0.9522313475608826
Car 0.0 0 -1.6387031078338623 652.272705078125 175.05503845214844 693.739990234375 211.86016845703125 4.2116904 1.5927589 1.6268374 2.8335593 1.7020674 33.59432 -1.554555892944336 0.8607059717178345
Car 0.0 0 1.7737821340560913 526.5965576171875 180.5161590576172 555.6603393554688 201.20018005371094 3.7033105 1.4928122 1.5082729 -5.2805758 2.1021101 55.418453 1.6787834167480469 0.7453155517578125
Car 0.0 0 1.6699278354644775 488.4991149902344 180.4851837158203 522.5410766601562 207.51576232910156 4.025765 1.5290923 1.6664015 -6.3589344 2.016683 44.017998 1.5264582633972168 0.6651002764701843
Car 0.0 0 -1.6265982389450073 614.4525146484375 177.1163787841797 637.9100341796875 197.88308715820312 4.26963 1.5258293 1.57947 1.1974245 1.870133 56.059853 -1.6052417755126953 0.6458117961883545
Car 0.0 0 -1.0035465955734253 63.46863555908203 199.29965209960938 144.7585906982422 229.27713012695312 3.8645294 1.3293511 1.6306441 -26.16922 2.7736206 37.427155 -1.6137381792068481 0.4633568525314331
Car 0.0 0 2.146556854248047 112.90293884277344 195.71604919433594 193.7178192138672 229.0949249267578 4.041167 1.5055546 1.590041 -23.569376 2.7539272 37.354572 1.583680510520935 0.4427008330821991
