Car 0.0 0 -1.7033947706222534 664.968017578125 178.8223419189453 728.9650268554688 229.51995849609375 3.7140849 1.4796071 1.5596725 2.6893928 1.6887436 23.366554 -1.5888031721115112 0.9975730776786804
Car 0.0 0 -1.84317946434021 740.989501953125 174.69276428222656 942.0079956054688 322.97540283203125 3.6002955 1.6160268 1.578597 2.8115382 1.6457503 9.713073 -1.5614209175109863 0.9888026118278503
Car 0.0 0 -2.7201271057128906 278.7451477050781 176.93618774414062 453.1459655761719 236.19503784179688 3.9845889 1.4506648 1.6435989 -6.335918 1.563172 18.809814 -3.0450313091278076 0.9792227745056152
Car 0.0 0 -2.614790678024292 18.44379425048828 180.68138122558594 369.453369140625 290.4042053222656 4.4362197 1.5310303 1.6451352 -6.226817 1.6604073 11.038624 -3.128389835357666 0.9538048505783081
Car 0.0 0 -2.8432776927948 325.26129150390625 175.2750244140625 485.8421936035156 227.87106323242188 4.201946 1.4597427 1.6024417 -5.9010205 1.5332668 20.951996 -3.1178109645843506 0.9315999746322632
Car 0.0 0 -2.655985116958618 104.90977478027344 157.52601623535156 352.2089538574219 254.31671142578125 3.7009637 1.6792061 1.66418 -6.972317 1.4136411 13.355445 -3.1371231079101562 0.8650498986244202
Car 0.0 0 -2.84336519241333 342.8932189941406 173.65260314941406 474.4503479003906 218.3480682373047 3.8207839 1.4001687 1.6135559 -6.531646 1.4274775 23.489504 -3.1145801544189453 0.8336479067802429
Car 0.0 0 -1.5897053480148315 630.2640991210938 177.2926483154297 651.6622924804688 197.22303771972656 3.7609832 1.5029308 1.6168593 2.399577 1.8665644 57.152016 -1.5477441549301147 0.8177251219749451
Car 0.0 0 -2.4724559783935547 0.0 181.88914489746094 291.62042236328125 329.9985046386719 4.2058477 1.5233966 1.626846 -6.221723 1.6400766 8.406379 -3.1096034049987793 0.7380344271659851
Car 0.0 0 -2.5858631134033203 209.06320190429688 177.4190673828125 406.1030578613281 245.17868041992188 3.796792 1.3968214 1.5729254 -6.7320666 1.5058466 16.094673 -2.982027292251587 0.7225973010063171
Car 0.0 0 -2.699328660964966 366.5781555175781 172.23532104492188 493.0676574707031 218.24050903320312 4.080644 1.5725088 1.669092 -6.470226 1.5517198 25.878462 -2.9443295001983643 0.6903718709945679
Car 0.0 0 -3.3049569129943848 711.9735107421875 173.0449676513672 832.6360473632812 213.6328125 4.4012647 1.5425125 1.802939 6.2718563 1.5506698 28.446533 -3.0879499912261963 0.530734121799469
