Car 0.0 0 -2.049849510192871 786.5028076171875 193.2628173828125 1242.0 375.0 4.1844487 1.4064862 1.6619686 2.7864907 1.6325566 5.8571224 -1.6057943105697632 0.9973602890968323
Car 0.0 0 -1.7622661590576172 704.8720703125 185.16171264648438 809.6726684570312 259.4522705078125 3.9688487 1.4448315 1.6050007 3.2100265 1.76351 16.6733 -1.5720683336257935 0.9959779381752014
Car 0.0 0 -2.527189254760742 0.0 186.7836456298828 367.3156433105469 315.2346496582031 4.2091985 1.5300653 1.6359797 -5.7316484 1.7389009 9.801877 -3.0563201904296875 0.995685338973999
Car 0.0 0 0.4845544099807739 99.5674057006836 180.07601928710938 374.7571716308594 272.8836669921875 3.9195619 1.4728456 1.5747527 -6.3099465 1.6053722 12.38828 0.013456344604492188 0.959904670715332
Car 0.0 0 -1.688225269317627 656.6742553710938 176.85104370117188 697.7803955078125 209.80545043945312 3.7866018 1.5316226 1.5932609 3.2549224 1.7415313 35.91066 -1.5978327989578247 0.9591578841209412
Car 0.0 0 0.2251064032316208 434.9637145996094 179.4669189453125 536.7958374023438 214.39944458007812 4.395123 1.5536264 1.5926626 -5.7293463 1.8680602 33.350327 0.05497431755065918 0.897077739238739
Car 0.0 0 -2.7266297340393066 179.33633422851562 164.15089416503906 409.7441711425781 255.7611541748047 4.018423 1.7761674 1.640523 -6.403251 1.6077869 14.821256 -3.1344411373138428 0.8771340847015381
Car 0.0 0 0.19214889407157898 309.3109130859375 177.5030059814453 455.8498229980469 240.18641662597656 3.5546858 1.6055907 1.6544589 -6.1382313 1.7391269 19.648422 -0.11064786463975906 0.8203369975090027
Car 0.0 0 0.25356417894363403 425.0762939453125 175.83253479003906 518.499755859375 214.8494110107422 3.6436698 1.6163899 1.6432205 -5.9282217 1.7484714 30.9694 0.06443023681640625 0.6714882850646973
Car 0.0 0 -1.5576677322387695 652.8198852539062 176.2981414794922 679.8841552734375 202.0917205810547 3.776029 1.5986375 1.6947678 3.6771543 1.8336338 47.196556 -1.479913353919983 0.38052213191986084
Car 0.0 0 -2.9676783084869385 481.01470947265625 173.43348693847656 553.1146850585938 202.07408142089844 4.0185547 1.663553 1.6944239 -5.5197864 1.6991082 42.883385 -3.0956907272338867 0.35295647382736206
