Cyclist 0.0 0 -2.6054494380950928 1020.3092651367188 171.11361694335938 1070.46875 213.5656280517578 1.7192239 1.7012155 0.57754046 17.923885 1.6318297 29.805923 -2.064035654067993 0.4924732446670532
Car 0.0 0 0.4694534242153168 201.21942138671875 179.9593963623047 432.5848083496094 259.5745544433594 4.148505 1.5181395 1.6272186 -6.0121875 1.6752174 14.922183 0.08644723892211914 0.990509033203125
Car 0.0 0 0.23682409524917603 427.2079162597656 179.13783264160156 517.6063232421875 213.46957397460938 3.8173068 1.5211023 1.5921407 -6.323004 1.8181634 33.178337 0.04850602149963379 0.9862921237945557
Car 0.0 0 -0.5375352501869202 855.9686889648438 190.0208282470703 1118.8399658203125 280.9844970703125 3.8910232 1.4698174 1.6697569 6.6113925 1.8019927 12.981561 -0.06648244708776474 0.9843876361846924
Car 0.0 0 3.7890024185180664 0.0 193.103515625 252.5227813720703 350.8312683105469 3.8888094 1.4562443 1.672254 -6.2742996 1.7003005 7.784895 3.1106388568878174 0.9837468266487122
Car 0.0 0 -0.35257360339164734 817.2225341796875 185.78610229492188 1044.484130859375 260.3793640136719 4.0965595 1.45261 1.591052 6.5982523 1.7429748 15.270465 0.05528903007507324 0.9811390042304993
Car 0.0 0 -0.2628561854362488 714.6082763671875 183.1133575439453 843.8838500976562 229.64222717285156 4.069631 1.52951 1.6613501 5.75707 1.8985183 25.019587 -0.03669044375419617 0.9804379940032959
Car 0.0 0 0.29927992820739746 301.23345947265625 169.997314453125 461.9789733886719 235.3404541015625 3.8972032 1.7192062 1.6456553 -6.227782 1.6444037 19.81427 -0.005251133814454079 0.9735426306724548
Car 0.0 0 -1.6363717317581177 641.3423461914062 180.5518341064453 675.4351806640625 209.76336669921875 3.8795774 1.4748032 1.5961689 2.5601032 1.916113 39.38849 -1.5714668035507202 0.9457914233207703
Car 0.0 0 0.38732534646987915 244.900146484375 184.3896484375 438.8660583496094 248.40164184570312 4.0263424 1.4158559 1.5399358 -6.308896 1.7029743 17.096106 0.03380298614501953 0.9417241215705872
Car 0.0 0 0.5153182148933411 0.0 180.8790740966797 343.467529296875 306.22845458984375 4.072419 1.5826564 1.6001482 -6.1059494 1.7046857 10.077112 -0.029444700106978416 0.9202176928520203
Car 0.0 0 0.5109325647354126 369.47021484375 179.61569213867188 497.1753234863281 227.26925659179688 4.0704803 1.5541228 1.6051304 -6.1997013 1.8031671 25.218348 0.26987218856811523 0.8796100616455078
Car 0.0 0 -2.5982322692871094 344.36822509765625 176.5460968017578 475.31353759765625 230.9462890625 3.64267 1.5886458 1.5752668 -6.25999 1.7104595 22.485376 -2.8697590827941895 0.8073601722717285
Car 0.0 0 1.730348825454712 570.2557373046875 179.16226196289062 593.812255859375 196.37554931640625 3.9857464 1.4357156 1.4672955 -2.4614487 2.0116117 63.76055 1.6917634010314941 0.7608036994934082
Car 0.0 0 0.2387276589870453 456.973388671875 176.9970245361328 525.5735473632812 207.0453338623047 3.5224738 1.6381297 1.6087836 -6.672134 1.8765695 40.525894 0.07555270195007324 0.49625998735427856
Car 0.0 0 -2.938354730606079 443.430908203125 177.2122802734375 527.7203979492188 209.63613891601562 3.9121764 1.5694387 1.5446974 -6.2019477 1.7922056 35.98268 -3.109036922454834 0.45280176401138306
Car 0.0 0 -1.6856918334960938 622.1572265625 177.32423400878906 643.78076171875 194.14230346679688 4.032348 1.4943484 1.5584269 2.0941372 1.9244366 67.285576 -1.6545788049697876 0.42367202043533325
