Car 0.0 0 1.7947163581848145 355.0186767578125 187.8523406982422 453.2312316894531 251.5022430419922 3.6767185 1.4221216 1.5907658 -5.0423703 1.4964826 18.087194 1.5228381156921387 0.9973457455635071
Car 0.0 0 2.0042951107025146 43.78587341308594 193.1177978515625 341.4652099609375 349.4625244140625 3.816241 1.4126151 1.558236 -4.640599 1.530205 8.639507 1.5113811492919922 0.9955990314483643
Car 0.0 0 -1.862259030342102 716.1649169921875 183.97938537597656 904.3458251953125 307.2016296386719 3.706181 1.5201347 1.6346695 2.7399654 1.5060139 10.750109 -1.6126946210861206 0.9940189123153687
Car 0.0 0 1.7466106414794922 426.9396667480469 187.02439880371094 491.64019775390625 232.51402282714844 3.6215067 1.4327286 1.5579937 -5.042454 1.5004048 24.61326 1.5445393323898315 0.986861526966095
Car 0.0 0 1.5902332067489624 559.633056640625 183.38119506835938 600.2762451171875 220.94422912597656 3.6328063 1.504266 1.6276152 -1.1858956 1.431932 30.615597 1.5515176057815552 0.9791150093078613
Car 0.0 0 1.7514580488204956 394.72381591796875 176.60275268554688 433.812744140625 202.98744201660156 3.7963653 1.4322615 1.4947499 -11.003629 0.9658499 40.97134 1.489080548286438 0.8324224948883057
Car 0.0 0 -1.4526594877243042 487.4227294921875 180.2233123779297 519.3681030273438 203.70648193359375 3.4952683 1.4167088 1.5857838 -6.5378413 1.1166568 45.13135 -1.596521258354187 0.7554166316986084
Car 0.0 0 1.8320173025131226 362.13116455078125 184.3744659423828 420.9980163574219 218.20181274414062 3.5852416 1.3554624 1.5263075 -9.170166 1.3228859 30.615362 1.540993332862854 0.7476621270179749
Car 0.0 0 1.5763859748840332 549.9107666015625 182.4444122314453 579.3994750976562 209.48477172851562 3.4789593 1.4269732 1.5552173 -2.401686 1.2818586 39.711136 1.51598060131073 0.5641433000564575
Car 0.0 0 -1.7112023830413818 594.2088012695312 182.2393035888672 622.6326293945312 202.1134490966797 3.8574035 1.4393722 1.6081963 -0.003084031 1.2249401 54.081184 -1.711259365081787 0.5390571355819702
Car 0.0 0 1.6817315816879272 452.0348205566406 185.51797485351562 499.71490478515625 221.15631103515625 4.1604037 1.5029126 1.6680062 -5.923306 1.5186005 32.4805 1.501348853111267 0.4217105507850647
