Car 0.0 0 0.712455689907074 0.0 168.96644592285156 178.99993896484375 337.13995361328125 4.3495984 1.6345316 1.7030514 -7.5093207 1.5971051 7.956542 -0.04403386637568474 0.9678473472595215
Car 0.0 0 -2.280432939529419 1072.642578125 184.36585998535156 1152.103271484375 212.41546630859375 3.855443 1.465515 1.6060362 28.648067 2.1573656 41.338062 -1.6744074821472168 0.9614474773406982
Car 0.0 0 0.5211889743804932 0.0 177.4420623779297 209.91488647460938 299.7015686035156 3.8273716 1.5637316 1.6275911 -8.192073 1.6370784 10.391548 -0.14640162885189056 0.9532003402709961
Car 0.0 0 -2.5724921226501465 9.705808639526367 174.260009765625 286.96197509765625 271.0301208496094 3.9033685 1.6141201 1.6541895 -8.147497 1.6412436 12.89482 -3.1359968185424805 0.9458457827568054
Car 0.0 0 -0.6619896292686462 893.1940307617188 188.19874572753906 1242.0 375.0 3.8289099 1.4512169 1.662344 4.6832933 1.6056367 6.3586464 -0.027169348672032356 0.9154968857765198
Car 0.0 0 -3.61104416847229 800.265869140625 182.5379180908203 1222.7081298828125 316.8892517089844 4.222704 1.45156 1.5746917 4.5630383 1.5799583 8.7238 -3.129122018814087 0.9062230587005615
Car 0.0 0 0.4725461006164551 241.0525665283203 182.8450927734375 368.3162841796875 231.6630096435547 3.6793008 1.5682169 1.5256761 -10.330747 1.9193594 24.436018 0.07256817817687988 0.6585861444473267
Car 0.0 0 -2.3951892852783203 291.9869384765625 182.9898681640625 385.5771179199219 221.63430786132812 3.677018 1.5397925 1.5469569 -11.653143 1.9939609 30.89411 -2.7558839321136475 0.32286590337753296
Car 0.0 0 -2.2046539783477783 283.51617431640625 177.8656463623047 381.06268310546875 218.877685546875 3.8580093 1.4920645 1.6022519 -10.990502 1.7014462 28.378483 -2.5741496086120605 0.3181382715702057
Car 0.0 0 1.585610032081604 471.6632995605469 175.42098999023438 501.5218505859375 202.2172393798828 4.018831 1.6083612 1.7890867 -7.8399005 1.7793487 45.8353 1.4162043333053589 0.31066104769706726
