Car 0.0 0 1.919511079788208 160.17300415039062 193.45339965820312 339.89752197265625 293.1235656738281 3.730824 1.4004514 1.5497928 -5.956194 1.5653135 12.350257 1.4701454639434814 0.9954440593719482
Car 0.0 0 -1.7177079916000366 609.15771484375 178.1898956298828 708.2228393554688 255.32806396484375 3.831285 1.5272697 1.644941 0.9749094 1.3892957 16.208708 -1.6576330661773682 0.9953030347824097
Car 0.0 0 1.6104754209518433 501.3125 179.57861328125 549.5101928710938 220.99481201171875 3.6028476 1.4939225 1.7094383 -3.1590729 1.291719 27.7854 1.497266173362732 0.9924150109291077
Car 0.0 0 1.789539098739624 304.68896484375 189.07534790039062 409.72930908203125 249.28594970703125 4.2312527 1.3665036 1.6982752 -6.434795 1.4803331 18.78937 1.4595882892608643 0.9627857804298401
Car 0.0 0 1.7947200536727905 360.3763122558594 186.4983673095703 432.1544189453125 231.75140380859375 4.1637235 1.5511992 1.6882737 -7.8439193 1.6041107 26.886787 1.510859489440918 0.9207550287246704
Car 0.0 0 1.7683650255203247 314.6966552734375 173.07333374023438 363.0203552246094 203.25003051757812 3.7658432 1.4355879 1.5695779 -13.499133 0.85907406 36.177864 1.4112327098846436 0.8333762884140015
Car 0.0 0 -1.52061927318573 492.3822326660156 182.07749938964844 527.1512451171875 211.78399658203125 3.395452 1.4430462 1.5912687 -4.988457 1.2917343 36.67508 -1.6558072566986084 0.8056105971336365
Car 0.0 0 1.7993675470352173 415.2287292480469 182.0689697265625 461.00921630859375 211.2762908935547 3.575242 1.5053133 1.6406122 -9.137764 1.3442657 38.834965 1.5682737827301025 0.5489809513092041
Car 0.0 0 -1.803114414215088 540.7365112304688 180.2680206298828 570.5347900390625 199.73977661132812 4.045038 1.4972138 1.4767159 -4.2138925 1.1179109 57.42112 -1.8763688802719116 0.5443075299263
Car 0.0 0 1.9184492826461792 271.0978088378906 185.42819213867188 352.81500244140625 226.48455810546875 3.7204914 1.4205176 1.6427939 -10.952446 1.4301256 26.779675 1.5302225351333618 0.48713165521621704
Car 0.0 0 2.0604143142700195 74.2577896118164 170.42886352539062 235.01504516601562 243.83628845214844 4.0279083 1.5563227 1.5412058 -10.721157 1.2439556 17.296726 1.5055361986160278 0.36274415254592896
