Pedestrian 0.0 0 -2.015580892562866 120.73251342773438 176.9683380126953 176.11671447753906 251.8015594482422 0.9765169 1.6759961 0.7292259 -10.628304 1.5985117 16.39664 -2.5906896591186523 0.9320662021636963
Pedestrian 0.0 0 2.015130043029785 593.6251831054688 154.93849182128906 642.9620971679688 239.52972412109375 1.172219 1.8330561 0.6805428 0.2741281 1.2807662 15.992789 2.03226900100708 0.8885674476623535
Pedestrian 0.0 0 1.196685791015625 85.65870666503906 174.05523681640625 138.52969360351562 261.1040954589844 0.9064482 1.7694013 0.62357485 -10.415663 1.6400276 14.877276 0.5858891010284424 0.43565985560417175
Pedestrian 0.0 0 1.9028723239898682 309.6774597167969 158.32723999023438 356.01824951171875 251.54078674316406 0.86333895 1.8549956 0.6436044 -5.613673 1.4153755 14.508954 1.5337003469467163 0.4080057442188263
Pedestrian 0.0 0 2.9890265464782715 372.2540283203125 152.3544921875 456.5120849609375 253.3207550048828 1.4919974 1.861245 0.5932919 -3.7095978 1.34404 13.603371 2.7228026390075684 0.3522910475730896
Cyclist 0.0 0 2.04358172416687 378.3130798339844 150.83102416992188 446.85528564453125 256.2851867675781 1.6211562 1.905135 0.6055788 -3.7162924 1.3707762 13.624011 1.777285099029541 0.47431597113609314
Car 0.0 0 1.9148736000061035 212.62889099121094 186.90228271484375 449.4031677246094 331.0561828613281 3.7536623 1.4292976 1.5823492 -3.2428381 1.5299325 9.048869 1.570762276649475 0.9967717528343201
Car 0.0 0 -1.4360244274139404 464.58795166015625 170.67745971679688 495.6725158691406 192.84629821777344 4.051388 1.4967585 1.6278149 -8.744419 0.8348909 49.78834 -1.6098830699920654 0.9603321552276611
Car 0.0 0 2.3907742500305176 1110.4473876953125 139.54273986816406 1224.0 187.76611328125 4.1104946 1.6245024 1.6789522 20.30249 0.24631098 24.783587 3.0771079063415527 0.6028039455413818
Car 0.0 0 2.1466708183288574 78.10897064208984 187.5247039794922 239.89837646484375 258.9237060546875 3.551742 1.4892677 1.5791612 -10.491951 1.6764687 16.886305 1.5907156467437744 0.31580957770347595
