Car 0.0 0 -1.7996025085449219 676.7340698242188 187.89112854003906 764.1211547851562 246.39183044433594 3.6576996 1.392334 1.583925 2.9120412 1.8495604 20.030363 -1.655232548713684 0.9958374500274658
Car 0.0 0 -1.6626577377319336 648.4149780273438 183.10256958007812 696.3019409179688 223.9327392578125 3.7912369 1.4984955 1.5837277 2.4310112 1.9426053 29.336231 -1.579979419708252 0.9955374002456665
Car 0.0 0 3.7655413150787354 0.0 193.3873748779297 238.52468872070312 344.20550537109375 4.0635405 1.5319589 1.6823095 -6.9261923 1.8027173 8.542903 3.084277391433716 0.9902659058570862
Car 0.0 0 3.687692880630493 0.0 192.0397186279297 316.4647216796875 304.6705017089844 3.9429882 1.5406862 1.5876721 -6.805756 1.8540837 10.957125 3.1318840980529785 0.9597667455673218
Car 0.0 0 0.3656531572341919 213.94851684570312 191.21658325195312 422.8575744628906 268.8888854980469 3.8793328 1.5537343 1.6457373 -6.266555 1.9749575 15.683837 -0.014469497837126255 0.9591314792633057
Car 0.0 0 -2.814291000366211 324.3125305175781 186.86802673339844 466.0045471191406 236.70260620117188 3.9834218 1.4751719 1.5539669 -6.734071 1.9328487 22.6895 -3.1028025150299072 0.9244614243507385
Car 0.0 0 -2.8731815814971924 352.0029296875 182.80322265625 475.1947326660156 229.3503875732422 3.8705554 1.5525357 1.5907484 -6.839552 1.9115877 25.208405 -3.1381235122680664 0.8661068677902222
Car 0.0 0 0.4087716341018677 291.75872802734375 187.68260192871094 439.218994140625 243.3560333251953 3.642527 1.4733311 1.5978806 -6.9438257 1.915395 20.543144 0.08281636238098145 0.7763258814811707
Car 0.0 0 -1.5740468502044678 631.123291015625 182.92385864257812 650.9585571289062 202.3631134033203 3.899513 1.4989222 1.5851934 2.5344546 2.3596127 59.663567 -1.5315933227539062 0.6748715043067932
Car 0.0 0 0.33713939785957336 374.9380187988281 182.62686157226562 491.6133728027344 227.3184356689453 4.017179 1.6149411 1.5961322 -6.728745 2.0010948 27.491796 0.09710359573364258 0.6582435965538025
Car 0.0 0 0.1429343819618225 430.5617980957031 189.6265869140625 516.9885864257812 225.47589111328125 3.716992 1.5638987 1.5644541 -6.2457094 2.3547726 33.14237 -0.043332021683454514 0.5595850348472595
Car 0.0 0 -2.842719078063965 453.91900634765625 182.87997436523438 529.623291015625 210.0479278564453 4.1916175 1.5584481 1.6153727 -7.0973964 2.1752105 43.272953 -3.00528621673584 0.5583142638206482
Car 0.0 0 0.29018837213516235 247.63856506347656 183.94781494140625 400.66741943359375 249.58494567871094 3.2235558 1.5266087 1.6521472 -7.1038704 1.8194714 18.062443 -0.08452458679676056 0.3979206085205078
Car 0.0 0 0.11380331963300705 444.4052734375 179.42044067382812 520.2474365234375 213.23765563964844 3.7859936 1.7267956 1.6560761 -6.7377925 2.0829265 38.148586 -0.06101349741220474 0.34399011731147766
