Car 0.0 0 2.0085391998291016 101.18671417236328 202.42276000976562 387.37066650390625 371.1089782714844 3.5342438 1.3745861 1.4977582 -3.8951802 1.7863028 8.266174 1.5681802034378052 0.9970942735671997
Car 0.0 0 -1.660193920135498 664.02490234375 181.73268127441406 724.8355712890625 228.39158630371094 4.2076244 1.3665236 1.6200104 2.6808395 1.6890423 24.057241 -1.5492159128189087 0.9909358620643616
Car 0.0 0 1.9506499767303467 261.4735412597656 195.2160186767578 401.73345947265625 273.7001037597656 4.19451 1.4754792 1.5965837 -6.360514 2.064479 16.878103 1.5902583599090576 0.9860361814498901
Car 0.0 0 -0.47046545147895813 852.4832153320312 166.9373321533203 1073.6083984375 230.799072265625 4.3404155 1.4024532 1.617184 8.007791 1.2728767 16.701912 -0.023389730602502823 0.9824728965759277
Car 0.0 0 2.7943477630615234 766.2215576171875 163.79425048828125 891.757568359375 208.57278442382812 4.01252 1.5624084 1.6932389 7.82419 1.2466549 26.13129 3.085270881652832 0.9702267050743103
Car 0.0 0 1.8114261627197266 382.838134765625 193.79241943359375 456.5953674316406 244.16781616210938 3.862072 1.4853101 1.5749229 -6.4941125 2.2626555 24.829464 1.5556080341339111 0.9677854180335999
Car 0.0 0 1.8110445737838745 412.3122253417969 187.41429138183594 479.0054016113281 229.9521484375 4.063008 1.465389 1.6271307 -6.3957167 2.0781639 28.299868 1.5887802839279175 0.9246801733970642
Car 0.0 0 1.7524958848953247 471.0615539550781 184.63760375976562 512.5696411132812 214.10487365722656 3.5556722 1.4776217 1.6224533 -6.44012 2.1508672 39.40627 1.5904991626739502 0.9176519513130188
Car 0.0 0 2.7289934158325195 823.3241577148438 156.07241821289062 998.249755859375 219.36721801757812 4.1637955 1.6768224 1.6401424 8.189726 1.2325987 19.981426 3.117976665496826 0.6779340505599976
Car 0.0 0 1.439571738243103 733.0715942382812 170.90792846679688 764.341796875 193.13641357421875 4.3740306 1.574072 1.703577 10.175744 1.4366218 53.323914 1.6281335353851318 0.44208604097366333
Car 0.0 0 -0.4990865886211395 949.382568359375 154.4858856201172 1051.8638916015625 188.73291015625 4.1749625 1.6533864 1.6502295 19.214964 0.76696396 35.66726 -0.004938396625220776 0.3200265169143677
