Car 0.0 0 -2.091817855834961 851.6214599609375 186.30381774902344 1214.690673828125 375.0 3.5200458 1.4924486 1.5506241 3.8476183 1.664042 7.3930354 -1.611953616142273 0.9968206882476807
Car 0.0 0 1.8450100421905518 366.5744934082031 185.62161254882812 475.6304626464844 255.8639373779297 3.7756178 1.4527396 1.5852574 -4.494882 1.7968515 17.518286 1.5938459634780884 0.9959604144096375
Car 0.0 0 -1.8402001857757568 769.9861450195312 185.02200317382812 932.314697265625 290.62060546875 3.9427602 1.4808578 1.6238673 3.926293 1.7269806 12.573305 -1.5375229120254517 0.9952598214149475
Car 0.0 0 -1.7457797527313232 729.9509887695312 178.4237518310547 821.5106201171875 248.65618896484375 3.6736128 1.5548241 1.5967818 3.998967 1.7096254 18.13598 -1.528753399848938 0.9932094216346741
Car 0.0 0 1.7420032024383545 471.6388854980469 181.3610076904297 531.6466674804688 223.0628204345703 4.1631274 1.4749682 1.6539093 -4.2334085 1.8358489 28.475115 1.5944137573242188 0.9870333671569824
Car 0.0 0 1.783625602722168 440.1934509277344 180.3560791015625 515.24609375 234.99057006835938 3.942711 1.5833088 1.5974201 -4.244646 1.8483115 23.453129 1.6045794486999512 0.9833433628082275
Car 0.0 0 1.7238179445266724 538.2152709960938 177.20799255371094 575.1351318359375 201.71670532226562 4.0950375 1.4232949 1.6803528 -3.2898674 1.7064602 44.755943 1.6504430770874023 0.9782354831695557
Car 0.0 0 -1.730500340461731 702.630615234375 177.42807006835938 774.4160766601562 230.4517822265625 3.8196943 1.5442123 1.6695555 4.0026336 1.7042058 23.260334 -1.5600894689559937 0.9710677862167358
Car 0.0 0 -1.6946970224380493 690.4904174804688 180.2876739501953 736.2430419921875 213.22764587402344 4.0454097 1.3921613 1.59776 4.6877747 1.7580804 33.44513 -1.5554410219192505 0.7112041711807251
Car 0.0 0 1.194657802581787 931.28076171875 173.06309509277344 991.895263671875 201.07675170898438 3.932506 1.4435374 1.6218681 18.996126 1.4558502 39.229465 1.6456109285354614 0.5617889165878296
Car 0.0 0 -1.7009391784667969 692.0634765625 181.91053771972656 743.354248046875 221.64041137695312 3.5401194 1.4291105 1.5466197 4.1557207 1.8101401 28.544468 -1.55636727809906 0.4412953555583954
