Car 0.0 0 -1.833063006401062 716.0433959960938 181.867919921875 837.1256713867188 262.6850280761719 3.8578792 1.4845682 1.5694226 3.4059782 1.7050624 15.654112 -1.61882483959198 0.9964538812637329
Car 0.0 0 2.034317970275879 140.3157501220703 192.80015563964844 350.03082275390625 304.6122131347656 3.7329865 1.4507977 1.545744 -5.8018737 1.832062 11.902174 1.5807499885559082 0.9964051246643066
Car 0.0 0 -2.0186691284179688 841.1751708984375 180.02163696289062 1242.0 375.0 4.008424 1.539082 1.654547 3.1927834 1.6177857 5.8391523 -1.5182946920394897 0.9951924085617065
Car 0.0 0 -1.6865156888961792 663.1495971679688 175.35569763183594 713.4431762695312 214.22654724121094 3.9224727 1.502195 1.6287403 3.157654 1.6137744 30.105497 -1.5820114612579346 0.9943114519119263
Car 0.0 0 1.9440573453903198 357.0164794921875 183.59747314453125 463.547607421875 243.300537109375 4.1246934 1.4980375 1.582524 -5.7169137 1.842998 21.005566 1.6783316135406494 0.9919770359992981
Car 0.0 0 -1.7188647985458374 687.46337890625 179.5070037841797 764.8270874023438 237.33355712890625 4.024533 1.5048505 1.6455783 3.2667317 1.7197952 21.253954 -1.5663583278656006 0.9872640371322632
Car 0.0 0 2.327967882156372 0.0 208.52813720703125 188.76626586914062 375.0 4.0786576 1.4702768 1.6207688 -5.6545463 1.8751273 6.129492 1.5828521251678467 0.9809877872467041
Car 0.0 0 1.7869311571121216 472.1016540527344 180.19692993164062 518.2211303710938 211.3910369873047 3.5350554 1.4432939 1.5541047 -5.719994 1.8289096 36.043747 1.6295477151870728 0.8067579865455627
Car 0.0 0 -1.7329460382461548 656.658935546875 178.26724243164062 703.466552734375 209.4967498779297 3.9729366 1.3990786 1.6315974 3.30432 1.6778201 35.065857 -1.6389915943145752 0.6079056262969971
Car 0.0 0 -2.8062102794647217 514.362060546875 172.24041748046875 565.4844360351562 190.4123077392578 3.9354248 1.4902116 1.6611012 -5.8810577 1.4402515 60.439682 -2.9032094478607178 0.4957231879234314
Car 0.0 0 1.6887798309326172 423.1468505859375 171.09115600585938 459.1058654785156 200.77163696289062 3.9026928 1.7204279 1.6815361 -10.246943 1.6186032 43.854 1.4592376947402954 0.3041682541370392
