Car 0.0 0 -1.719342827796936 631.5919799804688 188.5814971923828 674.6760864257812 220.6722412109375 3.97935 1.4893152 1.6565329 2.1515088 2.3531945 37.55653 -1.6621181964874268 0.9932164549827576
Car 0.0 0 0.44212159514427185 118.05815124511719 184.92994689941406 376.71649169921875 273.26080322265625 4.097851 1.5442733 1.5829748 -6.7725587 1.787264 13.666395 -0.017970046028494835 0.9911786913871765
Car 0.0 0 -3.6624743938446045 922.6314086914062 188.40621948242188 1242.0 328.81719970703125 4.0408063 1.4997158 1.6267413 6.1750216 1.7132468 8.904485 -3.0561423301696777 0.9866873621940613
Car 0.0 0 0.3098910450935364 242.7091522216797 185.4292449951172 431.5274658203125 251.33062744140625 4.1531987 1.5485219 1.6778635 -6.828142 1.8833008 18.247555 -0.048173606395721436 0.9861866235733032
Car 0.0 0 -0.417153000831604 814.7616577148438 184.07395935058594 1068.15087890625 267.0233459472656 4.3133097 1.5305132 1.5340801 6.380003 1.7651792 14.292394 0.0026960372924804688 0.9727643132209778
Car 0.0 0 0.26847898960113525 293.9482421875 184.32217407226562 446.3955383300781 244.2537384033203 3.8689408 1.620462 1.6405382 -6.856158 1.9656117 20.773832 -0.050303004682064056 0.9530007243156433
Car 0.0 0 -2.594590663909912 22.949365615844727 188.44862365722656 351.3016052246094 295.72125244140625 4.1935773 1.5063078 1.6098884 -6.467434 1.7680432 11.234375 -3.1169376373291016 0.9525494575500488
Car 0.0 0 -0.5138490200042725 763.7622680664062 190.02001953125 929.1156005859375 247.50511169433594 3.9836082 1.3961618 1.5192176 6.2527213 1.884028 19.346218 -0.20124489068984985 0.9199813604354858
Car 0.0 0 -0.34114259481430054 726.4821166992188 185.06040954589844 879.3707275390625 236.49758911132812 4.219832 1.477702 1.7300465 5.8341346 1.8722953 22.260374 -0.08482150733470917 0.8865643739700317
Car 0.0 0 -0.18496598303318024 725.4988403320312 178.95782470703125 866.059814453125 229.6826934814453 4.388304 1.6389732 1.655033 6.1713 1.8547744 24.503607 0.06175565719604492 0.88382488489151
Car 0.0 0 -0.37528038024902344 801.8214721679688 185.2970428466797 989.2289428710938 251.57183837890625 3.8111641 1.4634786 1.5213498 6.578331 1.7702259 16.992006 -0.005906783044338226 0.8662079572677612
Car 0.0 0 -3.6337172985076904 859.826904296875 189.86138916015625 1164.6978759765625 294.56317138671875 3.929507 1.5013425 1.5919775 6.136691 1.7893667 11.402326 -3.139981508255005 0.8214768171310425
Car 0.0 0 -2.864206552505493 415.14605712890625 185.59133911132812 506.3556213378906 221.49517822265625 3.6590517 1.513333 1.6324309 -6.623456 2.0959246 32.030964 -3.068115472793579 0.6755576729774475
Car 0.0 0 -2.84621000289917 434.6274108886719 187.38458251953125 522.3402099609375 221.0452423095703 3.85388 1.5323367 1.6144036 -6.337775 2.2531583 34.749985 -3.026609420776367 0.5661200881004333
Car 0.0 0 0.8174244165420532 0.0 189.6181182861328 245.64466857910156 331.86907958984375 3.5381434 1.4786966 1.609753 -6.6541305 1.710312 8.853487 0.1729109287261963 0.3818869888782501
Car 0.0 0 1.6001859903335571 518.9046020507812 184.675537109375 539.0040893554688 204.8900604248047 3.9069989 1.4817455 1.4727569 -6.4268785 2.4528832 57.24219 1.4883790016174316 0.34116995334625244
