Car 0.0 0 1.736436128616333 387.1433410644531 192.89120483398438 483.7563781738281 267.6003723144531 3.9073443 1.4743967 1.6176201 -4.104575 2.0113127 17.315126 1.5036810636520386 0.9961095452308655
Car 0.0 0 -1.6880922317504883 646.3379516601562 183.88868713378906 717.2588500976562 244.00222778320312 4.017945 1.6127716 1.6792183 2.058261 1.9826283 22.12909 -1.59534752368927 0.9955833554267883
Car 0.0 0 -1.8382728099822998 717.966552734375 185.5746612548828 874.294921875 304.2938232421875 3.498107 1.5919027 1.5546768 2.812541 1.8321034 11.827075 -1.6048040390014648 0.9936069250106812
Car 0.0 0 -1.7506215572357178 671.1737060546875 181.76712036132812 769.9857177734375 262.4598083496094 3.5268183 1.5921376 1.5841838 2.348719 1.8175238 16.421776 -1.60856032371521 0.9894570708274841
Car 0.0 0 1.7339820861816406 438.6058349609375 194.12339782714844 506.77685546875 245.16099548339844 3.883831 1.3816985 1.531158 -4.3539276 2.1214867 23.122547 1.5478633642196655 0.9532284736633301
Car 0.0 0 -2.183540105819702 845.2571411132812 190.67172241210938 1242.0 375.0 3.4549477 1.5288604 1.5192841 3.0522664 1.7001015 5.1367164 -1.64739191532135 0.9350201487541199
Car 0.0 0 1.670587182044983 465.8854064941406 184.938720703125 513.9367065429688 228.22039794921875 4.0044823 1.6131192 1.584502 -4.980452 2.1516774 30.082352 1.5065149068832397 0.7093154788017273
Car 0.0 0 -1.6300992965698242 632.3135986328125 185.61485290527344 669.5307006835938 219.42086791992188 3.546133 1.4537888 1.5403852 1.8520584 2.089492 34.144653 -1.5759108066558838 0.6240233182907104
Car 0.0 0 -1.612550973892212 615.661376953125 188.75904846191406 638.5830078125 209.72439575195312 3.7958364 1.4895983 1.6180514 1.2753184 2.7683337 56.07832 -1.5898131132125854 0.4628284275531769
Car 0.0 0 1.667293906211853 482.92822265625 185.53802490234375 525.9320678710938 224.71205139160156 3.7749422 1.6327599 1.604678 -4.846124 2.2513306 33.240616 1.5225245952606201 0.3100958466529846
