Car 0.0 0 -1.7565137147903442 676.4267578125 189.07736206054688 782.335205078125 270.03497314453125 4.108054 1.5425954 1.6369587 2.5585034 1.9643672 16.65956 -1.6041285991668701 0.9954066276550293
Car 0.0 0 -1.8170058727264404 713.4669799804688 188.8414306640625 882.3054809570312 317.5692443847656 3.5615406 1.5384821 1.5677865 2.5676425 1.8191656 10.857231 -1.5847809314727783 0.9937783479690552
Car 0.0 0 1.7804815769195557 395.2864074707031 197.5731964111328 494.0829772949219 269.0889892578125 3.8733203 1.4115301 1.554265 -3.9325862 2.0791194 17.528214 1.5597788095474243 0.9919374585151672
Car 0.0 0 1.8674304485321045 278.0738525390625 201.5609588623047 450.6321105957031 323.48370361328125 3.840727 1.5074471 1.5683348 -3.827094 2.0528717 11.763186 1.5528864860534668 0.99089515209198
Car 0.0 0 -2.0520644187927246 807.7001953125 184.68531799316406 1216.7623291015625 375.0 3.3033576 1.5598847 1.5567101 2.9180305 1.6887904 6.1562867 -1.6094388961791992 0.9705544710159302
Car 0.0 0 -1.7101311683654785 662.6446533203125 186.86720275878906 728.5556640625 240.70584106445312 3.6777716 1.484807 1.5443596 2.5671117 1.9626331 22.723066 -1.5976343154907227 0.9606451392173767
Car 0.0 0 1.7005585432052612 472.6959228515625 193.55616760253906 525.89453125 235.4012451171875 3.7977738 1.4055322 1.5645384 -4.275194 2.265534 28.04334 1.5492738485336304 0.9401190280914307
Car 0.0 0 1.7806613445281982 445.4176940917969 191.7802734375 513.8966064453125 242.88848876953125 3.7244444 1.4722661 1.5015053 -4.3057485 2.1534011 24.06506 1.6036136150360107 0.6008011698722839
Car 0.0 0 -0.38500040769577026 651.0014038085938 184.60816955566406 765.1845092773438 224.8938751220703 4.0818653 1.4502714 1.6299342 3.7459393 1.9284194 28.028368 -0.2521395981311798 0.3318282961845398
Car 0.0 0 -1.7107471227645874 634.14697265625 191.73837280273438 665.325439453125 214.55184936523438 3.4797792 1.3821782 1.6167119 2.6049805 2.6991742 48.500553 -1.6570883989334106 0.30462023615837097
