Pedestrian 0.0 0 -1.871353268623352 853.5616455078125 177.86183166503906 976.3744506835938 375.0 0.9991968 1.6093724 0.6927868 2.5096936 1.6562595 6.1739135 -1.485256314277649 0.3718855679035187
Car 0.0 0 -1.8679485321044922 774.5493774414062 185.11758422851562 950.78662109375 292.05682373046875 4.2136483 1.4743232 1.6525269 4.085277 1.7241191 12.552183 -1.553297519683838 0.9965572357177734
Car 0.0 0 1.691781759262085 556.308349609375 176.5077362060547 595.3956909179688 209.440185546875 3.9607122 1.556809 1.5139045 -1.7172438 1.7527407 36.587975 1.6448814868927002 0.985404908657074
Car 0.0 0 -1.7076516151428223 729.5350341796875 185.32183837890625 818.8308715820312 247.9076385498047 4.1589565 1.3564469 1.657587 4.0578327 1.7156119 18.624584 -1.493129014968872 0.9659953713417053
Car 0.0 0 1.747134804725647 432.7288818359375 167.35092163085938 548.5887451171875 268.4631652832031 4.1469173 1.7866855 1.6226275 -2.339991 1.6898023 14.836254 1.5907022953033447 0.9519191980361938
Car 0.0 0 1.7451353073120117 485.9332275390625 180.0335235595703 566.7521362304688 244.49305725097656 3.8962302 1.5911313 1.5934032 -2.2889829 1.812802 20.245481 1.6325520277023315 0.9370280504226685
Car 0.0 0 -2.2748236656188965 860.3504638671875 179.86642456054688 1242.0 375.0 3.3772807 1.5365582 1.5572696 3.4530063 1.6087682 5.6034827 -1.7225594520568848 0.9056879878044128
Car 0.0 0 -1.7242891788482666 715.466064453125 181.8018035888672 779.5762939453125 230.37957763671875 3.565765 1.4503803 1.550294 4.4513807 1.7709112 24.010328 -1.5409760475158691 0.8204461932182312
Car 0.0 0 -1.6014404296875 690.6576538085938 176.9633331298828 727.5396728515625 212.1354522705078 3.9919517 1.5938518 1.651138 4.750313 1.806767 35.24858 -1.4674814939498901 0.8042212724685669
Car 0.0 0 -1.6689321994781494 699.0269775390625 178.9113006591797 745.6834716796875 217.85606384277344 3.860449 1.5129561 1.5705786 4.6620526 1.7868366 30.609766 -1.5177876949310303 0.5287961959838867
Car 0.0 0 -1.6520949602127075 680.5403442382812 179.2725372314453 716.258056640625 209.30435180664062 4.11823 1.5719842 1.662526 4.9059215 1.9534357 40.74819 -1.532275676727295 0.5187364220619202
