Car 0.0 0 -1.898184895515442 758.0557861328125 196.33621215820312 1100.2459716796875 375.0 4.17826 1.3480885 1.6910456 2.6709888 1.6544591 7.2914925 -1.5470494031906128 0.9952555298805237
Car 0.0 0 2.6920933723449707 772.7939453125 175.65086364746094 977.2506103515625 244.03533935546875 4.1880274 1.4864179 1.5936719 6.0311465 1.5557244 16.773996 3.0372536182403564 0.9852361679077148
Car 0.0 0 0.3304648697376251 291.78265380859375 170.7670135498047 451.7710876464844 231.70947265625 3.6839213 1.535162 1.5870845 -6.2339706 1.4829481 18.99099 0.013287782669067383 0.9792073369026184
Car 0.0 0 -2.802370309829712 387.2550354003906 169.77854919433594 504.82122802734375 214.2775421142578 3.8172946 1.5411516 1.6012118 -5.906561 1.4349962 26.002443 -3.0257341861724854 0.9584428668022156
Car 0.0 0 -0.41298016905784607 864.7919921875 175.3837432861328 1154.580078125 270.3827209472656 4.028763 1.4964137 1.6666402 6.6210256 1.5437218 12.401956 0.07739448547363281 0.9404433369636536
Car 0.0 0 0.7101603746414185 0.0 191.27908325195312 295.385498046875 323.62762451171875 4.055218 1.3716142 1.6145289 -6.228247 1.6204078 8.738136 0.09091782569885254 0.9396021366119385
Car 0.0 0 -2.845831871032715 324.4649963378906 172.2224578857422 486.7268981933594 223.51425170898438 4.3820677 1.4697535 1.5946862 -6.0585084 1.4520149 21.516552 -3.120299816131592 0.9207313060760498
Car 0.0 0 2.82100248336792 747.0386962890625 176.67623901367188 884.9965209960938 223.71127319335938 4.1300936 1.5012425 1.5995793 6.760502 1.633855 24.06793 3.0948386192321777 0.9049249291419983
Car 0.0 0 0.3014357388019562 390.1636962890625 172.4211883544922 503.8080139160156 209.8048858642578 4.079021 1.4279166 1.6546124 -6.439692 1.411743 28.544035 0.0795450210571289 0.8901602029800415
Car 0.0 0 3.261059045791626 479.5506286621094 170.55812072753906 549.9898071289062 194.40557861328125 4.1315794 1.4408131 1.6975902 -5.85885 1.3024588 44.463642 3.1300466060638428 0.7342706322669983
Car 0.0 0 -3.339585065841675 743.099609375 175.9711456298828 861.2427978515625 215.6276092529297 3.9387956 1.3940719 1.5958332 6.918011 1.5124993 26.416204 -3.083451986312866 0.7259521484375
Car 0.0 0 -1.4921859502792358 635.2139892578125 173.9786376953125 662.1083374023438 195.3036651611328 3.5394678 1.4318969 1.6087189 2.707863 1.5138748 50.502388 -1.438618779182434 0.5952242016792297
Car 0.0 0 -2.626059055328369 85.37709045410156 149.05564880371094 389.8643493652344 286.29632568359375 3.8531969 1.9499953 1.7335087 -5.6737037 1.6122122 11.205264 -3.0947680473327637 0.5908676385879517
Car 0.0 0 -0.1565278172492981 689.468505859375 174.1907196044922 776.500732421875 205.6458282470703 4.077225 1.5336386 1.6932516 6.0665164 1.6025183 36.117256 0.009886026382446289 0.5249671936035156
Car 0.0 0 -0.44122636318206787 827.0492553710938 167.09725952148438 905.7311401367188 192.49209594726562 4.331222 1.5281227 1.5092164 15.710777 1.1820716 44.38461 -0.10102005302906036 0.37549465894699097
