Car 0.0 0 -1.7783958911895752 710.666015625 180.48316955566406 848.3248291015625 266.0265808105469 4.0826473 1.3210555 1.6459769 2.9371595 1.4863592 13.551097 -1.5649505853652954 0.9952899217605591
Car 0.0 0 1.8957669734954834 302.06109619140625 180.9583740234375 423.2126770019531 253.85096740722656 3.9944093 1.5708936 1.6520083 -6.04925 1.7957731 17.988863 1.5713690519332886 0.9912557601928711
Car 0.0 0 1.7186115980148315 483.86431884765625 180.4989471435547 522.88330078125 209.86099243164062 3.6718845 1.4970787 1.5952269 -5.8354454 1.9362931 39.579918 1.572231650352478 0.9533481001853943
Car 0.0 0 1.7786109447479248 431.1800231933594 182.43438720703125 492.38140869140625 222.4842071533203 3.9648423 1.4501033 1.6293598 -5.9285727 1.8627548 29.061028 1.577368140220642 0.9475300908088684
Car 0.0 0 1.7278523445129395 463.5273132324219 181.2798614501953 508.7972106933594 213.51461791992188 3.592634 1.4216685 1.5961365 -5.915797 1.8468449 34.569942 1.5583685636520386 0.9364181756973267
Car 0.0 0 2.2898144721984863 0.0 207.2504425048828 173.36280822753906 375.0 3.7983086 1.4703336 1.6122271 -6.0424943 1.8811551 6.6964974 1.555709958076477 0.9178913235664368
Car 0.0 0 2.593496322631836 895.4535522460938 147.18875122070312 1125.5147705078125 229.98434448242188 4.0645857 1.6776756 1.675651 8.46764 1.1579821 15.555215 3.0919992923736572 0.8897229433059692
Car 0.0 0 1.7781131267547607 522.552001953125 178.177978515625 554.6521606445312 198.47950744628906 3.802595 1.4102422 1.6055279 -5.2452216 1.8172616 53.13315 1.679713487625122 0.692103385925293
Car 0.0 0 -0.6962299346923828 1057.6873779296875 146.93292236328125 1242.0 283.5361328125 4.277425 1.5782367 1.6458393 8.346739 1.2791169 9.238165 0.03851890563964844 0.6100187301635742
Car 0.0 0 0.5836052894592285 0.0 184.57872009277344 178.3325958251953 243.72727966308594 3.3194115 1.3857718 1.6573734 -13.069758 1.6956807 18.151876 -0.04043259844183922 0.5959784388542175
Car 0.0 0 1.9868359565734863 206.58924865722656 198.50445556640625 361.7979431152344 286.6207580566406 3.3979504 1.3987503 1.5109897 -6.2542944 1.9622698 14.139487 1.5703802108764648 0.45045924186706543
Car 0.0 0 -0.013533055782318115 731.4794921875 168.1397705078125 806.2620849609375 194.7256317138672 4.0694265 1.4663666 1.659491 8.962099 1.2067072 41.014652 0.20159530639648438 0.30911985039711
Car 0.0 0 -2.3499739170074463 89.07009887695312 185.45339965820312 247.70948791503906 237.45138549804688 3.8908367 1.3512701 1.5811449 -12.611006 1.7325634 20.57905 -2.8997578620910645 0.30702176690101624
