Car 0.0 0 1.9257733821868896 255.8649139404297 186.9398651123047 449.7503967285156 300.3503112792969 3.792323 1.457081 1.5865047 -3.7756598 1.4897099 11.2094965 1.6008819341659546 0.9964596629142761
Car 0.0 0 -1.7144757509231567 655.373779296875 178.07533264160156 712.5043334960938 220.18719482421875 3.8330042 1.4569749 1.569036 2.728502 1.2110662 26.81496 -1.6130717992782593 0.9957927465438843
Car 0.0 0 1.7426729202270508 441.3369140625 180.6269073486328 512.5928344726562 230.68446350097656 3.518244 1.4094152 1.5637225 -3.9587464 1.2813449 22.00015 1.5646363496780396 0.99172043800354
Car 0.0 0 -1.796777606010437 703.7230834960938 185.63104248046875 830.8505249023438 273.2674255371094 3.5310345 1.4825741 1.6149143 2.8946083 1.4928011 13.9566965 -1.5922776460647583 0.9881172776222229
Car 0.0 0 2.1256842613220215 17.870389938354492 174.93345642089844 251.21453857421875 277.7666931152344 3.9143102 1.5649314 1.6523542 -8.227112 1.4095858 12.903381 1.5580800771713257 0.9681821465492249
Car 0.0 0 1.7321988344192505 480.74688720703125 177.76866149902344 535.3378295898438 217.33168029785156 3.9419022 1.5376848 1.6378206 -4.1141114 1.2493743 29.926435 1.5955810546875 0.9565278887748718
Car 0.0 0 1.8661813735961914 379.0583801269531 181.79888916015625 443.3194580078125 214.49169921875 3.9211283 1.3304523 1.6203501 -8.490864 1.1925352 31.234417 1.600752353668213 0.9406652450561523
Car 0.0 0 1.4631671905517578 623.3816528320312 176.37034606933594 650.0380249023438 195.5725555419922 3.7469246 1.3789973 1.5844347 2.105129 0.7449043 53.543713 1.5024629831314087 0.8899592161178589
Car 0.0 0 1.9449654817581177 281.334716796875 183.6004638671875 380.6596984863281 235.95761108398438 3.4831824 1.42087 1.5709664 -8.107612 1.378167 21.253716 1.5805363655090332 0.8712306022644043
Car 0.0 0 1.6008094549179077 583.5830078125 174.60906982421875 608.7398681640625 195.4958953857422 3.9317122 1.426099 1.6713699 -0.8092906 0.70303667 51.055332 1.5849595069885254 0.7882388234138489
Car 0.0 0 1.7541067600250244 500.3118591308594 176.6638946533203 540.0751342773438 204.65895080566406 3.918356 1.5038508 1.5428301 -4.923154 1.0455925 40.61569 1.6334820985794067 0.5494667887687683
