Car 0.0 0 1.988997220993042 199.482177734375 190.14190673828125 407.1666564941406 308.1268310546875 3.8752713 1.4735439 1.5765462 -4.6864004 1.7976269 11.546106 1.6034271717071533 0.9969004392623901
Car 0.0 0 1.8790868520736694 335.3298645019531 185.67420959472656 466.3028259277344 259.32196044921875 4.247971 1.4225122 1.7021319 -4.7408285 1.7602587 16.834387 1.6045805215835571 0.9958378076553345
Car 0.0 0 -1.8798635005950928 753.4271240234375 179.88307189941406 935.9044189453125 296.4510803222656 3.9927328 1.5340433 1.6079845 3.5177412 1.6684396 11.745792 -1.5888751745224 0.9941287040710449
Car 0.0 0 -1.774449110031128 721.271484375 179.46395874023438 824.8693237304688 251.94239807128906 3.795971 1.4726944 1.5961652 3.6361148 1.6454356 16.91002 -1.5626468658447266 0.9926245808601379
Car 0.0 0 1.7069439888000488 492.2057800292969 181.57952880859375 537.8728637695312 216.40945434570312 3.6794004 1.4564097 1.5825843 -4.3167677 1.8774053 32.93662 1.5766239166259766 0.9916704893112183
Car 0.0 0 2.2098777294158936 0.0 198.25885009765625 277.16131591796875 375.0 4.040296 1.5234945 1.6072947 -4.6050787 1.8107394 6.120398 1.5648329257965088 0.9894606471061707
Car 0.0 0 -1.74091637134552 705.475830078125 178.62164306640625 777.1448974609375 230.29580688476562 3.4839423 1.4555306 1.6080153 3.9543977 1.6493654 22.456076 -1.5666086673736572 0.9873982667922974
Car 0.0 0 -2.0644664764404297 858.6718139648438 186.34654235839844 1242.0 375.0 3.7173183 1.486242 1.6212456 3.6131518 1.6430529 6.493995 -1.556735634803772 0.9804430603981018
Car 0.0 0 1.682861566543579 509.9169921875 179.79331970214844 550.8082275390625 211.17884826660156 3.9546537 1.5083618 1.68301 -4.123364 1.8887115 37.528618 1.5734280347824097 0.9674832224845886
Car 0.0 0 -1.7235807180404663 688.3858642578125 179.08323669433594 745.5859375 224.3988494873047 4.014078 1.6014061 1.5903851 4.039689 1.8614687 28.064297 -1.5806186199188232 0.892204761505127
