Car 0.0 0 -0.3411925435066223 810.8453979492188 181.13665771484375 1035.8916015625 256.61712646484375 4.0481825 1.4725363 1.5644982 6.3985143 1.6573641 15.168969 0.057978153228759766 0.99032062292099
Car 0.0 0 -0.4917145371437073 900.1495361328125 176.2238311767578 1242.0 298.5916748046875 4.1215014 1.4981734 1.633851 6.294775 1.5491202 9.856982 0.07661247253417969 0.9867642521858215
Car 0.0 0 -1.6858088970184326 632.8207397460938 183.90187072753906 673.5264892578125 215.64329528808594 4.216745 1.5419657 1.6947411 2.2217016 2.1679277 38.701775 -1.6284661293029785 0.9849972724914551
Car 0.0 0 0.2706150412559509 272.8689880371094 181.49569702148438 436.57867431640625 246.54364013671875 3.7681234 1.6109979 1.6982558 -6.6956286 1.8517717 19.098114 -0.06658627092838287 0.9794270992279053
Car 0.0 0 -2.1191794872283936 836.8880615234375 198.36683654785156 1242.0 375.0 3.6838741 1.4784216 1.5576236 2.8126295 1.7118484 4.7371674 -1.5833781957626343 0.9696922898292542
Car 0.0 0 0.2779254615306854 311.3074645996094 176.53250122070312 452.7535705566406 236.60203552246094 3.7286756 1.7162886 1.6431452 -6.7835793 1.831169 21.590137 -0.026505660265684128 0.9640788435935974
Car 0.0 0 -2.610562324523926 60.89377212524414 182.9368133544922 369.01434326171875 280.1098937988281 4.2562265 1.4722401 1.6617926 -6.4781346 1.6533985 12.026608 -3.1046500205993652 0.9586728811264038
Car 0.0 0 2.6388587951660156 857.3524780273438 184.90676879882812 1117.1746826171875 278.7135009765625 3.7029011 1.4897268 1.5638685 6.36214 1.7132157 12.513532 3.109220266342163 0.9582989811897278
Car 0.0 0 -0.39383819699287415 747.8222045898438 188.06353759765625 903.4356079101562 240.23573303222656 3.9319808 1.3627597 1.5056099 5.981546 1.8127018 20.36483 -0.1081533133983612 0.9345089197158813
Car 0.0 0 2.903247833251953 721.4522705078125 176.84072875976562 853.5311279296875 227.7472381591797 4.2516 1.7306744 1.6938298 6.1546783 1.8767023 25.510986 3.1399800777435303 0.9118800759315491
Car 0.0 0 -3.4634854793548584 800.9154052734375 182.98422241210938 969.6873779296875 244.2371826171875 3.5992284 1.4187007 1.4834702 6.6420856 1.6800416 17.78075 -3.1059823036193848 0.8964155912399292
Car 0.0 0 -2.3536367416381836 0.0 182.29554748535156 255.37586975097656 375.0 4.410105 1.6555552 1.7273346 -6.2062654 1.7638394 7.2134275 -3.064124345779419 0.8911294937133789
Car 0.0 0 -0.2607214152812958 715.734130859375 182.79444885253906 861.695556640625 232.69956970214844 4.2488914 1.5145196 1.6942049 5.6074963 1.84615 23.147175 -0.02304626815021038 0.8658779859542847
Car 0.0 0 0.42179542779922485 167.5956573486328 177.55844116210938 390.8177185058594 263.6769714355469 3.7623208 1.6201366 1.5338504 -6.54838 1.7196542 14.43091 -0.004192992113530636 0.8602043390274048
Car 0.0 0 -2.48659086227417 0.0 181.3406219482422 268.3447265625 306.11871337890625 3.744378 1.5281543 1.6949593 -7.0020375 1.6555262 9.877475 -3.103257894515991 0.8065158128738403
Car 0.0 0 -2.9103195667266846 440.6634216308594 178.72039794921875 521.1881103515625 211.6888885498047 3.6307826 1.5660741 1.5932173 -6.3474026 1.8622203 35.48386 -3.0873289108276367 0.5852134227752686
Car 0.0 0 -2.8643951416015625 427.9981384277344 179.4403839111328 512.2131958007812 215.44107055664062 3.4664788 1.5815942 1.6454737 -6.4027343 1.8922126 33.018288 -3.0559327602386475 0.5639843940734863
