Pedestrian 0.0 0 -2.1326630115509033 933.2776489257812 159.2937774658203 1004.9029541015625 276.5672607421875 0.78301036 1.7245352 0.65636456 5.5599103 1.3992972 10.981016 -1.663972020149231 0.8371008634567261
Pedestrian 0.0 0 1.6513772010803223 477.2420349121094 175.34092712402344 494.64752197265625 221.32101440429688 0.5907874 1.6437099 0.57752776 -4.197679 1.4245872 25.994036 1.4912731647491455 0.4542696475982666
Pedestrian 0.0 0 1.5320607423782349 0.0 149.59872436523438 83.352783203125 374.0 0.6933377 1.7938117 0.6523817 -4.9587936 1.5411181 6.1943464 0.8569934368133545 0.4151155948638916
Pedestrian 0.0 0 1.7215577363967896 478.32366943359375 176.42013549804688 496.6478271484375 220.60157775878906 0.61610305 1.6141129 0.5843192 -4.229338 1.4295701 26.550987 1.5635936260223389 0.39406734704971313
Car 0.0 0 -1.7043182849884033 660.7528076171875 175.02857971191406 701.7486572265625 210.81640625 3.550301 1.6505567 1.5111221 3.8213599 1.3530173 34.920567 -1.5953218936920166 0.9650371074676514
Car 0.0 0 1.6390849351882935 522.5913696289062 181.83055114746094 571.07666015625 224.5865020751953 3.5685768 1.512278 1.5925516 -2.029004 1.5266253 27.220657 1.564683437347412 0.95304936170578
Car 0.0 0 -1.7046587467193604 689.2989501953125 169.00355529785156 757.6029663085938 228.44915771484375 3.6306891 1.7170576 1.6255642 3.7223732 1.357241 22.584667 -1.5413087606430054 0.9485112428665161
Car 0.0 0 -1.6859891414642334 782.1858520507812 193.8343963623047 934.8914794921875 325.30902099609375 3.531087 1.4243283 1.5325602 3.3410015 1.6300498 10.018064 -1.3640905618667603 0.7425774931907654
Car 0.0 0 -1.5917935371398926 539.6836547851562 180.52293395996094 557.9422607421875 197.01368713378906 3.7473485 1.4154482 1.5291253 -4.648573 1.3320246 63.591217 -1.664764642715454 0.43794262409210205
Car 0.0 0 1.5696158409118652 549.97705078125 178.12696838378906 579.3756713867188 205.70498657226562 3.9854066 1.5179708 1.6179253 -2.131109 1.3331275 41.568882 1.5183937549591064 0.4187766909599304
Car 0.0 0 -1.7336019277572632 651.0718383789062 176.63804626464844 691.9913330078125 207.37176513671875 3.9455369 1.6306742 1.6473122 3.8608234 1.3735499 40.13433 -1.6376994848251343 0.371540367603302
