Cyclist 0.0 0 -1.351550817489624 1209.580810546875 174.283203125 1242.0 283.0740966796875 1.5790442 1.701758 0.61158866 10.570587 1.7273306 12.014833 -0.6300116181373596 0.4366320073604584
Car 0.0 0 -0.38381427526474 726.5907592773438 182.42160034179688 984.20849609375 272.1665344238281 4.1868634 1.5112131 1.6637249 4.3585896 1.7011929 13.325958 -0.0677066445350647 0.9957386255264282
Car 0.0 0 0.4565677046775818 71.50608825683594 176.8783416748047 324.94000244140625 261.1316223144531 4.0566735 1.5544803 1.680974 -8.076706 1.6402217 14.353347 -0.05597776547074318 0.9947550296783447
Car 0.0 0 -0.1818358451128006 662.3787231445312 177.58433532714844 791.1781616210938 227.3404998779297 4.0052457 1.5876522 1.628965 3.7798939 1.7513855 24.051418 -0.02595200575888157 0.9818814396858215
Car 0.0 0 0.25629645586013794 306.5970153808594 179.38873291015625 432.38702392578125 224.8188934326172 3.8215907 1.4885138 1.627512 -8.24456 1.7223444 24.841776 -0.06414813548326492 0.9556112885475159
Car 0.0 0 3.8713293075561523 0.0 193.7498016357422 172.5487060546875 337.1571044921875 3.9905174 1.4597083 1.6031235 -7.6312428 1.7269971 8.397125 3.1336777210235596 0.8760033249855042
Car 0.0 0 -2.688164472579956 166.095703125 184.10630798339844 374.2651672363281 256.923095703125 4.1249375 1.5991068 1.65061 -7.9275026 1.8775015 16.967052 -3.125253438949585 0.8658163547515869
Car 0.0 0 0.41566866636276245 226.53726196289062 179.2709197998047 389.5674133300781 238.8458251953125 3.772726 1.5315623 1.5362118 -8.138654 1.7127908 19.527697 0.02078533172607422 0.8368709087371826
Car 0.0 0 0.2308899164199829 328.4388732910156 176.83645629882812 436.4027099609375 213.2292938232422 3.9818122 1.4440302 1.6559838 -9.372822 1.6143165 29.812326 -0.07371967285871506 0.7267090082168579
Car 0.0 0 -0.17006470263004303 648.8490600585938 183.6742401123047 766.607177734375 224.1199951171875 4.0706935 1.4088985 1.5240635 3.4798038 1.8181443 26.422539 -0.03911997750401497 0.5078880190849304
Car 0.0 0 1.2933776378631592 460.4362487792969 172.76988220214844 491.5873107910156 193.49542236328125 3.5600376 1.7342312 1.7344887 -11.627096 1.7275488 62.352592 1.1090216636657715 0.36732059717178345
