Pedestrian 0.0 0 1.6252923011779785 442.8025817871094 171.42137145996094 461.4341735839844 217.09271240234375 0.7023629 1.7596313 0.67544705 -6.2080984 1.7047929 28.197866 1.4085874557495117 0.7951175570487976
Car 0.0 0 -1.7819923162460327 705.8450317382812 178.57676696777344 850.2977294921875 277.29571533203125 4.1376033 1.4701844 1.6429173 2.782178 1.5905048 13.052591 -1.571983814239502 0.9974954128265381
Car 0.0 0 1.798168420791626 400.15399169921875 182.24630737304688 492.3863525390625 245.95291137695312 3.892447 1.530388 1.6303352 -4.4306493 1.8146999 19.858656 1.578654408454895 0.9962041974067688
Car 0.0 0 0.5500329732894897 57.596195220947266 183.4477996826172 299.8478088378906 255.13575744628906 4.2079277 1.4109251 1.5496527 -9.037975 1.646947 15.242274 0.01481008529663086 0.9937508702278137
Car 0.0 0 -2.060365915298462 851.9666137695312 182.61801147460938 1242.0 375.0 3.5829897 1.5162246 1.5191659 3.1310952 1.6162455 5.553026 -1.5469485521316528 0.9931336641311646
Car 0.0 0 -1.7461702823638916 681.2655029296875 177.4842529296875 765.6539916992188 241.956787109375 3.6791687 1.5388163 1.5898856 2.8883085 1.6752814 19.346495 -1.5979712009429932 0.992141842842102
Car 0.0 0 1.7377229928970337 450.6230773925781 175.54586791992188 516.2869262695312 228.82875061035156 3.9188874 1.7153919 1.6439635 -4.408154 1.817803 25.388393 1.5658081769943237 0.9906157851219177
Car 0.0 0 -1.6968395709991455 662.1746215820312 175.76890563964844 717.0591430664062 219.12759399414062 3.7786167 1.5473261 1.631667 2.9657562 1.6681371 27.908077 -1.590968132019043 0.9905120730400085
Car 0.0 0 1.7612334489822388 479.7203063964844 177.92999267578125 534.851318359375 217.29611206054688 3.8551674 1.5450978 1.6279105 -4.3525424 1.7759119 30.790041 1.6208019256591797 0.6231054663658142
Car 0.0 0 -1.6645760536193848 654.6097412109375 179.41107177734375 695.7684936523438 213.6453399658203 3.835486 1.4908881 1.5716999 2.9856298 1.8184435 34.07919 -1.5771905183792114 0.5043106079101562
Car 0.0 0 1.7019832134246826 533.7051391601562 179.12344360351562 555.5107421875 196.97398376464844 3.7490568 1.5325332 1.4861666 -5.9000044 2.1158378 65.18421 1.611716389656067 0.37692129611968994
