Car 0.0 0 -1.7582241296768188 703.5340576171875 187.10447692871094 819.3317260742188 270.7195129394531 3.6785653 1.408345 1.5945138 2.8707275 1.7339959 14.623289 -1.5643771886825562 0.9930011034011841
Car 0.0 0 3.685497760772705 0.0 192.3011932373047 342.495361328125 312.8765563964844 4.145273 1.4892542 1.6508248 -6.1467037 1.7823102 10.018363 3.135179042816162 0.9798198342323303
Car 0.0 0 -1.675125002861023 637.4492797851562 181.30516052246094 667.2550048828125 206.4268798828125 3.8081079 1.5653123 1.5924257 2.76044 2.1529698 48.199978 -1.6179169416427612 0.9753379821777344
Car 0.0 0 0.5194604396820068 119.83450317382812 183.29342651367188 417.7500305175781 278.8079528808594 4.354368 1.4629205 1.5988741 -5.713729 1.6545153 12.238413 0.08266758918762207 0.961420476436615
Car 0.0 0 0.17696678638458252 349.80841064453125 176.80929565429688 478.38092041015625 227.4388885498047 3.94747 1.6216621 1.5873355 -6.5360537 1.7600721 24.219707 -0.0866193100810051 0.9487650990486145
Car 0.0 0 0.19940170645713806 393.9149169921875 181.0965576171875 499.2565002441406 219.6611328125 3.8729594 1.4802485 1.6242857 -6.5288343 1.8207184 28.914167 -0.022674553096294403 0.9476195573806763
Car 0.0 0 -2.6742899417877197 241.39474487304688 167.74356079101562 441.0080261230469 240.04281616210938 4.128799 1.6035864 1.6287527 -6.3189836 1.4905958 17.041275 -3.0293774604797363 0.9390568733215332
Car 0.0 0 0.04789366573095322 473.68243408203125 179.85032653808594 535.2816772460938 207.70166015625 3.5332377 1.590695 1.6611054 -6.236962 2.0148542 42.706352 -0.09712407737970352 0.882655143737793
Car 0.0 0 3.326368570327759 415.95001220703125 179.02606201171875 508.4621276855469 217.69422912597656 3.7115273 1.6252925 1.6535527 -6.4295077 1.9020935 31.456566 3.1247522830963135 0.8822716474533081
Car 0.0 0 -3.3703083992004395 765.029052734375 172.57962036132812 920.7153930664062 231.02601623535156 3.731134 1.5110207 1.7555128 6.1912117 1.5042851 19.668545 -3.065350294113159 0.8792608380317688
Car 0.0 0 -2.6741843223571777 294.450439453125 177.9815216064453 437.794189453125 234.85623168945312 3.3362474 1.4459854 1.5473408 -6.5950994 1.5922221 19.523645 -2.9999499320983887 0.8779475688934326
Car 0.0 0 -2.7828104496002197 327.6300048828125 179.60797119140625 476.1925964355469 231.86959838867188 4.015239 1.5000023 1.6628401 -6.3081875 1.7150793 21.948927 -3.0626707077026367 0.8748835325241089
Car 0.0 0 0.5371888279914856 188.56295776367188 177.26260375976562 419.9260559082031 250.95265197753906 4.122216 1.3825259 1.5820156 -6.213336 1.4794143 14.728967 0.13799381256103516 0.8705804944038391
Car 0.0 0 -3.307708740234375 699.0608520507812 179.996337890625 786.0934448242188 214.33718872070312 3.6722744 1.5055091 1.6148041 5.938507 1.838865 32.806458 -3.128631353378296 0.8433113098144531
Car 0.0 0 -2.3535027503967285 0.0 197.8557891845703 145.71144104003906 357.64166259765625 3.718875 1.3674034 1.5870337 -7.08479 1.6474085 7.248096 -3.1275076866149902 0.7027086019515991
Car 0.0 0 -0.11431309580802917 700.7847900390625 175.44322204589844 784.2257690429688 211.66275024414062 3.8178506 1.7048247 1.6620115 6.3433723 1.834382 35.04845 0.06473731994628906 0.6171537637710571
Car 0.0 0 2.632268190383911 707.2783203125 182.7473907470703 804.3507080078125 219.79014587402344 3.7067645 1.4504079 1.545553 6.0609374 1.8834429 30.249191 2.830016613006592 0.4033920466899872
