Car 0.0 0 -1.9262721538543701 791.9722290039062 180.88829040527344 1112.087646484375 370.8243103027344 4.1955934 1.5021982 1.6741726 3.2709281 1.6153954 8.007301 -1.5384654998779297 0.9976765513420105
Car 0.0 0 2.227569341659546 0.0 197.7849578857422 279.96319580078125 375.0 4.295986 1.5198864 1.6365227 -5.7511272 1.8834234 8.320573 1.6227781772613525 0.9957051873207092
Car 0.0 0 -1.6947247982025146 660.2531127929688 176.44454956054688 707.1101684570312 213.76283264160156 3.8179555 1.5453622 1.6058104 3.1845274 1.7154477 32.17615 -1.5960743427276611 0.9944779872894287
Car 0.0 0 1.9602429866790771 227.96560668945312 193.28395080566406 385.9971008300781 285.91888427734375 3.7304983 1.4752992 1.5383219 -5.8021793 1.9299984 14.1775055 1.5717859268188477 0.9920839071273804
Car 0.0 0 -1.8240605592727661 703.75732421875 183.138916015625 805.5174560546875 252.79379272460938 3.7798858 1.4862338 1.5444723 3.4104955 1.7693874 17.900648 -1.6357933282852173 0.9914517998695374
Car 0.0 0 1.8756537437438965 387.9055480957031 186.13662719726562 476.1347351074219 239.08656311035156 4.1688323 1.471307 1.5729331 -5.6568356 1.9389255 23.24787 1.636965274810791 0.9908924102783203
Car 0.0 0 -1.6821620464324951 683.6709594726562 181.7273712158203 751.2445678710938 233.1245880126953 4.228785 1.4648156 1.6849394 3.3453994 1.7797576 23.438606 -1.5403892993927002 0.9414172172546387
Car 0.0 0 -2.1380369663238525 58.69340133666992 177.4644317626953 227.0439910888672 251.66983032226562 3.6779325 1.5891614 1.6322508 -11.150313 1.7086723 17.140606 -2.714777946472168 0.5120804309844971
Car 0.0 0 1.7959961891174316 480.70477294921875 181.4106903076172 523.9793701171875 211.46934509277344 3.4361513 1.4779133 1.5420911 -5.6952467 1.9529932 38.255314 1.6482069492340088 0.4936739206314087
Car 0.0 0 -1.7307626008987427 657.0899047851562 178.70130920410156 700.1946411132812 208.84048461914062 4.040941 1.4209298 1.558045 3.413368 1.7369938 36.88576 -1.6384865045547485 0.37602582573890686
