Car 0.0 0 1.7202759981155396 496.529541015625 179.4103546142578 542.200927734375 213.83865356445312 3.6224163 1.5033239 1.616552 -4.257572 1.8295765 34.031643 1.5958163738250732 0.997660756111145
Car 0.0 0 1.9485366344451904 241.3524932861328 187.10635375976562 423.52813720703125 294.26202392578125 3.8924644 1.5006098 1.6074257 -4.652739 1.7885001 12.589081 1.5945215225219727 0.9976289868354797
Car 0.0 0 1.8566229343414307 360.11016845703125 185.60557556152344 475.0257263183594 255.6588897705078 4.094568 1.4590436 1.6418507 -4.649608 1.8115436 17.851164 1.6018191576004028 0.9974506497383118
Car 0.0 0 -1.769742488861084 716.438232421875 178.11231994628906 815.0804443359375 247.48057556152344 3.8396208 1.5145968 1.6395864 3.698632 1.659921 17.966118 -1.5667119026184082 0.9970470070838928
Car 0.0 0 -2.005851984024048 838.7943725585938 184.0829620361328 1178.6832275390625 375.0 3.7331824 1.4695925 1.5772672 3.7123792 1.6177956 7.6164923 -1.5523242950439453 0.996177077293396
Car 0.0 0 -1.8618509769439697 748.399658203125 178.73492431640625 914.6837158203125 283.89923095703125 4.06221 1.5166328 1.6228352 3.6072593 1.6369522 12.673412 -1.5845521688461304 0.9945427179336548
Car 0.0 0 2.160578727722168 0.0 192.66009521484375 301.96417236328125 375.0 3.9583642 1.5196475 1.6640805 -4.7433624 1.768236 7.0596185 1.568961262702942 0.9944906234741211
Car 0.0 0 -1.7332090139389038 700.6727294921875 177.1412353515625 771.2457885742188 226.03482055664062 3.8029737 1.4397848 1.6475588 3.9614248 1.5910182 23.48408 -1.5660966634750366 0.9834000468254089
Car 0.0 0 -1.6785616874694824 690.57763671875 178.94224548339844 741.1275024414062 220.74008178710938 3.9910972 1.5255913 1.5693382 4.1334624 1.7872425 28.942806 -1.5367060899734497 0.9727968573570251
Car 0.0 0 1.7015974521636963 516.297119140625 179.574462890625 556.1641845703125 209.74188232421875 3.8169394 1.5056486 1.6500599 -3.9514334 1.8854264 38.80157 1.600110411643982 0.9719637632369995
