Car 0.0 0 1.8927247524261475 272.70001220703125 186.4006805419922 454.5455627441406 295.7015075683594 3.9202929 1.4437064 1.5490224 -3.7113461 1.4670469 11.501576 1.5805912017822266 0.9956218600273132
Car 0.0 0 -1.7116302251815796 659.7905883789062 176.65650939941406 725.8816528320312 224.2305908203125 4.128792 1.5117384 1.689827 2.8164456 1.2408887 24.926447 -1.5991171598434448 0.9942102432250977
Car 0.0 0 1.7127866744995117 450.2076721191406 180.0764617919922 516.6401977539062 229.2954559326172 3.7637718 1.4274678 1.5509161 -3.8891675 1.2795494 22.747135 1.543450117111206 0.9868329167366028
Car 0.0 0 2.0550384521484375 110.63206481933594 178.12765502929688 293.3330383300781 259.6427307128906 3.9677477 1.4548957 1.5918663 -8.1648855 1.3295181 14.825258 1.5516260862350464 0.9857655167579651
Car 0.0 0 -1.7456152439117432 719.0473022460938 185.36802673339844 845.968505859375 278.2256164550781 3.4846842 1.439646 1.5862385 2.9363167 1.4438939 12.925846 -1.5222398042678833 0.9825695753097534
Car 0.0 0 1.852678656578064 384.8429870605469 180.92376708984375 446.2445373535156 214.39585876464844 3.8130717 1.3906728 1.6253802 -8.454696 1.2134864 31.786589 1.592714548110962 0.9690918326377869
Car 0.0 0 1.7508554458618164 478.8380432128906 177.5668487548828 533.7503662109375 216.68116760253906 3.8875825 1.5342512 1.610821 -4.2219834 1.2353581 30.168375 1.6118111610412598 0.9296901226043701
Car 0.0 0 -1.6601519584655762 583.9414672851562 176.63723754882812 611.5208740234375 198.9047088623047 3.5800164 1.4422268 1.5375968 -0.7298533 0.8877463 48.415718 -1.6752254962921143 0.8119083642959595
Car 0.0 0 1.4599361419677734 632.5736083984375 178.8722381591797 661.900390625 199.7019805908203 3.5851076 1.3638498 1.5985909 2.628661 0.94963634 48.899384 1.5136409997940063 0.7356699705123901
Car 0.0 0 1.9158052206039429 288.92315673828125 188.42381286621094 384.8723449707031 238.47036743164062 3.9257514 1.3633727 1.4746771 -8.12809 1.4706248 21.80357 1.5589760541915894 0.48787859082221985
Car 0.0 0 1.6370220184326172 575.4517822265625 174.8018035888672 596.8976440429688 193.51280212402344 3.939616 1.4869883 1.5077283 -1.7596798 0.66051376 59.1207 1.6072666645050049 0.31843698024749756
