Car 0.0 0 -1.8470962047576904 713.339111328125 178.02694702148438 899.8641357421875 293.7079162597656 4.366094 1.4511105 1.6261009 2.7918537 1.5494912 11.457935 -1.6080923080444336 0.9969562292098999
Car 0.0 0 -1.7290220260620117 681.9998779296875 176.96981811523438 755.7261962890625 233.11968994140625 3.9830606 1.5452493 1.6045231 3.1950436 1.6834049 22.15104 -1.5857709646224976 0.9957095384597778
Car 0.0 0 0.5887818932533264 0.0 179.98568725585938 297.0594177246094 308.3162536621094 3.9958723 1.5665276 1.5765702 -6.602273 1.6707572 9.700477 -0.008813967928290367 0.9859052300453186
Car 0.0 0 -2.6588075160980225 233.02432250976562 185.84744262695312 442.1208801269531 257.9502258300781 3.8724146 1.3976582 1.6046289 -5.781843 1.6938617 15.391215 -3.018155574798584 0.9746900796890259
Car 0.0 0 -1.626312017440796 655.5894165039062 171.65484619140625 685.9524536132812 200.5843963623047 3.4671652 1.5868316 1.5351833 3.4095705 1.5214142 41.32826 -1.5439987182617188 0.938283383846283
Car 0.0 0 0.1852055937051773 376.8863525390625 176.2259979248047 498.0000305175781 224.19464111328125 3.8565505 1.5984418 1.6658697 -5.9692683 1.7204181 25.095943 -0.0483129620552063 0.9298713207244873
Car 0.0 0 -2.3918685913085938 0.0 185.62391662597656 218.07887268066406 354.880615234375 4.3077593 1.4910622 1.6859764 -6.660291 1.6371591 7.3586674 -3.1274912357330322 0.8805779814720154
Car 0.0 0 0.31157490611076355 291.65533447265625 166.94287109375 453.4789123535156 236.20098876953125 4.014584 1.8702257 1.6581767 -6.640728 1.7109612 20.319162 -0.0043030912056565285 0.8336652517318726
Car 0.0 0 3.4435739517211914 270.6318054199219 174.4398651123047 436.3523864746094 236.5332489013672 3.5690386 1.4601142 1.5208586 -6.2946153 1.5014896 17.832825 3.104247570037842 0.7539035081863403
Car 0.0 0 0.1495465189218521 431.8684997558594 180.7036895751953 533.3262329101562 214.54977416992188 4.0847807 1.390588 1.603286 -5.4356647 1.7362854 30.888884 -0.02464480698108673 0.46548891067504883
Car 0.0 0 3.3209497928619385 397.53387451171875 177.42388916015625 502.3874816894531 218.48304748535156 3.7513356 1.5306957 1.5050627 -6.172669 1.7130185 27.903656 3.1032421588897705 0.32434824109077454
