Car 0.0 0 -1.833348274230957 726.6127319335938 189.43212890625 908.1655883789062 310.0860900878906 3.89822 1.3839595 1.5583194 2.7977188 1.6766845 10.766557 -1.579118251800537 0.9966536164283752
Car 0.0 0 -1.671522855758667 636.0726318359375 178.56787109375 669.6837768554688 206.07257080078125 4.015625 1.5845811 1.6628659 2.5634334 1.9531779 44.456085 -1.613924503326416 0.9917970895767212
Car 0.0 0 0.20878705382347107 355.3184509277344 179.1543731689453 476.92059326171875 225.3807830810547 3.7969596 1.519825 1.6116194 -6.65209 1.7452732 24.870838 -0.0525609627366066 0.9883296489715576
Car 0.0 0 3.229255199432373 460.234130859375 176.98304748535156 531.3492431640625 207.0445556640625 3.644493 1.5651224 1.6725563 -6.128687 1.7929515 38.787117 3.072542428970337 0.9694600701332092
Car 0.0 0 -2.689281940460205 140.4429473876953 170.64369201660156 408.2408142089844 261.2416687011719 4.1673603 1.5530149 1.609001 -6.0607767 1.5154842 13.2165985 -3.1192424297332764 0.9644652009010315
Car 0.0 0 0.23796939849853516 297.2243347167969 175.31747436523438 457.35186767578125 236.18011474609375 4.0477896 1.6332598 1.5486674 -6.510274 1.7062423 20.351305 -0.07163798063993454 0.9583179950714111
Car 0.0 0 2.7802889347076416 722.3843383789062 179.7767333984375 841.5097045898438 222.4908905029297 3.9091733 1.4670651 1.5182285 6.138382 1.7276441 26.1125 3.011171579360962 0.9472305178642273
Car 0.0 0 -2.725907802581787 265.16131591796875 179.39683532714844 449.2103271484375 243.73939514160156 4.017729 1.5062135 1.6891314 -6.303285 1.6797817 18.095348 -3.061100721359253 0.9290304780006409
Car 0.0 0 -3.3101062774658203 707.7817993164062 177.98643493652344 809.660888671875 216.2388916015625 3.782785 1.4765085 1.6043919 5.862656 1.688868 28.94011 -3.11023211479187 0.9166626334190369
Car 0.0 0 -2.616549253463745 42.73777770996094 178.8330535888672 370.68841552734375 288.56317138671875 3.9910944 1.4903622 1.6409649 -5.8932605 1.5870981 10.759887 -3.1176300048828125 0.91410231590271
Car 0.0 0 -2.73012375831604 211.88845825195312 177.9849090576172 400.3125305175781 253.5530548095703 3.4243684 1.5439659 1.5847782 -6.551077 1.6615914 15.669278 -3.126121997833252 0.9032868146896362
Car 0.0 0 -2.902313232421875 384.9815979003906 176.5526885986328 491.7597351074219 221.1289825439453 3.686454 1.6420813 1.6186901 -6.5340767 1.7878046 27.534071 -3.135312080383301 0.8621019721031189
Car 0.0 0 -2.4989428520202637 0.0 186.75009155273438 328.1439208984375 334.58941650390625 4.059705 1.4751291 1.6645602 -5.6489153 1.6529925 8.29202 -3.0969717502593994 0.8518451452255249
Car 0.0 0 -3.4398629665374756 799.1036987304688 170.32546997070312 1009.736083984375 247.774169921875 3.8986216 1.5775338 1.7610658 6.216716 1.5263888 15.724257 -3.0633645057678223 0.6993967890739441
Car 0.0 0 -1.6791605949401855 757.1083374023438 177.00244140625 827.7134399414062 230.35890197753906 4.080291 1.4521953 1.6376555 5.436456 1.5918658 22.097193 -1.4379267692565918 0.44035080075263977
Car 0.0 0 -1.8434364795684814 985.7488403320312 155.83218383789062 1033.9161376953125 181.51173400878906 4.041543 1.5755644 1.6765798 25.62463 0.5315514 46.42635 -1.3391038179397583 0.359537810087204
