Car 0.0 0 1.7972594499588013 395.99249267578125 186.11077880859375 482.88079833984375 243.17578125 3.5851378 1.4303033 1.5663805 -4.5878425 1.4584045 19.863186 1.570267915725708 0.9966205358505249
Car 0.0 0 -1.958511233329773 768.7343139648438 179.573486328125 1053.32763671875 350.5362548828125 3.767602 1.5282409 1.6100645 3.095167 1.4789362 8.330674 -1.602778673171997 0.995859682559967
Car 0.0 0 1.9919682741165161 124.641357421875 182.1370086669922 379.74383544921875 324.5132751464844 3.764635 1.5064336 1.554305 -4.415045 1.4749902 9.495247 1.5567318201065063 0.9935513734817505
Car 0.0 0 1.5562866926193237 575.0369262695312 180.3157196044922 614.97509765625 215.16087341308594 3.4814775 1.4511054 1.6647968 -0.62680155 1.2481803 31.70078 1.536516785621643 0.9887610077857971
Car 0.0 0 1.7200262546539307 456.8326416015625 183.69834899902344 514.1398315429688 225.79525756835938 3.5470886 1.4484682 1.5734929 -4.478993 1.3973908 26.518063 1.5527020692825317 0.979937732219696
Car 0.0 0 1.8325868844985962 386.91656494140625 180.3321075439453 441.7839050292969 215.79161071777344 3.6020741 1.4835869 1.4669927 -8.542691 1.2803946 31.87346 1.5707224607467651 0.8747103810310364
Car 0.0 0 -1.6297560930252075 616.0516967773438 180.33628845214844 642.1638793945312 201.09043884277344 3.805562 1.4506929 1.666337 1.496559 1.1107589 52.170616 -1.6010781526565552 0.8323071599006653
Car 0.0 0 1.8059523105621338 418.4490966796875 172.0856170654297 461.4724426269531 199.67666625976562 4.08597 1.5453731 1.5572858 -9.842064 0.8110894 42.30735 1.5773851871490479 0.8043411374092102
Car 0.0 0 1.8743373155593872 275.29962158203125 179.7181396484375 372.2962341308594 235.95709228515625 4.1854396 1.6141548 1.673691 -8.894866 1.4574965 22.773924 1.5019844770431519 0.7920081615447998
Car 0.0 0 1.668229341506958 477.4303283691406 182.97666931152344 519.9407348632812 213.8199462890625 3.8130178 1.3822677 1.6347691 -5.1590753 1.2830555 34.15913 1.5183316469192505 0.5018570423126221
Car 0.0 0 1.5694432258605957 556.5390625 177.4416046142578 585.8828125 205.3569793701172 4.097405 1.4970427 1.5733802 -2.099274 1.081266 40.63443 1.5178266763687134 0.4238707721233368
Car 0.0 0 1.5144693851470947 506.2699890136719 177.88116455078125 532.546630859375 200.97738647460938 3.6020935 1.4568146 1.50738 -5.8597946 0.9953147 47.245445 1.39107084274292 0.4152393937110901
Car 0.0 0 2.111586570739746 79.6424789428711 158.12802124023438 270.43768310546875 263.9220275878906 3.911786 1.8568348 1.4896713 -8.566224 1.3825387 14.576021 1.5802655220031738 0.30677053332328796
