Car 0.0 0 -1.8053191900253296 704.8199462890625 177.26925659179688 798.31591796875 240.59298706054688 3.9478269 1.5377121 1.6148252 3.7144673 1.6716176 19.810286 -1.619969367980957 0.9982714653015137
Car 0.0 0 2.0715925693511963 0.0 193.99481201171875 338.26824951171875 367.91448974609375 4.144885 1.4677278 1.6184098 -4.888942 1.7833506 8.674948 1.5583906173706055 0.9969828724861145
Car 0.0 0 -1.8061378002166748 736.355712890625 177.70684814453125 866.7661743164062 269.52679443359375 3.773077 1.558099 1.619927 3.5844052 1.667633 14.335594 -1.5611258745193481 0.9962980151176453
Car 0.0 0 -1.8778636455535889 799.1080932617188 184.2349853515625 1061.3607177734375 345.5198974609375 4.0475173 1.4403695 1.6413453 3.4794116 1.6124638 8.80952 -1.5017093420028687 0.9940528273582458
Car 0.0 0 1.7520220279693604 436.0082092285156 181.10821533203125 501.85772705078125 231.1830291748047 3.6297462 1.5530605 1.5906632 -4.810599 1.8580064 24.79963 1.5604228973388672 0.9924153685569763
Car 0.0 0 1.7459162473678589 466.50323486328125 180.82000732421875 524.4269409179688 221.75584411621094 3.8325417 1.5014136 1.6670876 -4.5925536 1.8448945 29.144672 1.5896235704421997 0.9885839223861694
Car 0.0 0 -1.7102787494659424 695.0521850585938 176.46774291992188 758.69287109375 224.44361877441406 3.8399599 1.5421474 1.6754475 3.9875119 1.6794902 25.415022 -1.5546516180038452 0.9616031050682068
Car 0.0 0 -0.08077610284090042 669.6050415039062 173.26251220703125 718.3366088867188 190.46499633789062 4.108696 1.4820257 1.7025627 7.29414 1.5186455 63.124004 0.03426623344421387 0.8540763258934021
Car 0.0 0 3.115978479385376 599.1526489257812 179.38841247558594 648.961181640625 196.8739471435547 4.156583 1.4432521 1.6670287 1.1445705 2.0040507 61.03417 3.1347291469573975 0.5546581149101257
Car 0.0 0 0.9384410381317139 0.0 182.81541442871094 199.51116943359375 272.589599609375 3.7337196 1.5426414 1.6137114 -10.172174 1.7552694 14.032924 0.31121206283569336 0.4501555562019348
Car 0.0 0 0.7013965845108032 0.0 187.73828125 136.9416961669922 242.3586883544922 3.9077094 1.4454113 1.6091967 -15.919265 1.8859626 20.454124 0.040033578872680664 0.3519003689289093
