Pedestrian 0.0 0 -2.1280324459075928 677.571044921875 159.6326141357422 744.3877563476562 285.833740234375 0.80858654 1.7102846 0.6008735 1.5028522 1.4152607 10.222989 -1.9820706844329834 0.7144824266433716
Pedestrian 0.0 0 1.8872157335281372 722.7646484375 156.61680603027344 755.8031616210938 221.391845703125 0.8643756 1.7736893 0.679048 3.8533063 1.0934861 20.20953 2.075622081756592 0.6235561966896057
Pedestrian 0.0 0 2.014430284500122 280.3711853027344 164.89817810058594 353.62420654296875 297.2801513671875 0.7555727 1.7065241 0.65699226 -3.85182 1.4938437 9.655414 1.63484787940979 0.589683473110199
Pedestrian 0.0 0 -1.9558348655700684 615.8759155273438 164.4368438720703 675.583984375 298.0993347167969 0.94069874 1.7671998 0.5106683 0.5579413 1.5429296 10.022408 -1.900222897529602 0.43674424290657043
Cyclist 0.0 0 1.763230800628662 404.5758361816406 165.793212890625 468.6950988769531 292.83404541015625 1.9429002 1.7567472 0.5917665 -2.5039852 1.5408711 10.911394 1.5376529693603516 0.8765068650245667
Cyclist 0.0 0 -1.09242582321167 491.5904541015625 169.6405792236328 545.8689575195312 249.25115966796875 1.5487515 1.7423499 0.5994304 -1.9180194 1.4840182 16.549137 -1.2078094482421875 0.8136414289474487
Cyclist 0.0 0 1.699282169342041 450.143798828125 169.86199951171875 474.2483215332031 223.8664093017578 1.7812754 1.7945337 0.5961039 -4.8112335 1.4088943 24.774933 1.5074719190597534 0.6231393814086914
Cyclist 0.0 0 1.7090986967086792 482.5556335449219 166.93252563476562 512.5923461914062 235.24319458007812 1.6386935 1.8429725 0.61939025 -2.934012 1.4511131 20.198727 1.5648503303527832 0.6090266108512878
Cyclist 0.0 0 -1.654402256011963 664.8433837890625 160.10008239746094 692.3405151367188 231.82313537597656 1.4006121 1.6512502 0.53544986 1.8039833 1.1597776 17.241001 -1.5501482486724854 0.3128132224082947
Car 0.0 0 1.6908093690872192 505.2998352050781 173.95907592773438 540.2606811523438 201.18406677246094 3.9606936 1.6086148 1.6890153 -4.812471 1.1638205 44.431355 1.5829174518585205 0.3560619652271271
