Car 0.0 0 2.0754518508911133 89.17937469482422 196.74009704589844 320.85528564453125 319.35400390625 3.7532587 1.5048232 1.5520238 -6.1925287 1.9473708 11.470645 1.5804280042648315 0.997320830821991
Car 0.0 0 -1.7035651206970215 684.9053344726562 179.89816284179688 773.6171264648438 242.7838897705078 4.1660438 1.3654934 1.6356837 2.8367088 1.5644077 18.235312 -1.5492407083511353 0.9902925491333008
Car 0.0 0 1.74634850025177 451.4590759277344 184.4846954345703 501.1039733886719 218.67225646972656 3.844752 1.4422987 1.6317587 -6.2146564 2.0166314 33.677155 1.5638651847839355 0.9744714498519897
Car 0.0 0 1.8665592670440674 366.5302734375 186.11793518066406 453.5119934082031 240.8107452392578 3.7081778 1.4905474 1.5902756 -6.1577992 1.938072 22.446772 1.598816990852356 0.958798348903656
Car 0.0 0 -3.5106570720672607 820.1195068359375 156.54531860351562 991.5513305664062 218.24774169921875 4.1180644 1.658444 1.7030014 8.160158 1.2204556 20.27035 -3.1279404163360596 0.9118582606315613
Car 0.0 0 -0.6137394905090332 972.6936645507812 165.21600341796875 1242.0 267.98712158203125 4.36931 1.4353868 1.6232029 8.041386 1.3290658 10.931085 0.020510196685791016 0.9098698496818542
Car 0.0 0 1.9073700904846191 311.58502197265625 196.1756134033203 417.606201171875 262.4577941894531 3.538397 1.4503616 1.5261989 -6.3195705 2.1164684 18.815945 1.5833450555801392 0.8479698896408081
Car 0.0 0 1.6703448295593262 480.4913024902344 183.558837890625 517.8325805664062 212.81051635742188 3.4095547 1.4567086 1.6634858 -5.9750776 2.060933 38.953453 1.5181409120559692 0.6840971112251282
Car 0.0 0 1.7894957065582275 525.4832153320312 180.62744140625 554.0655517578125 199.5157012939453 3.5510104 1.422263 1.5434383 -5.608804 2.064405 57.7121 1.6926140785217285 0.5852037072181702
Car 0.0 0 1.7075222730636597 490.59063720703125 179.79965209960938 525.5392456054688 206.696533203125 3.771437 1.5390296 1.6198113 -6.224414 1.9825602 44.14713 1.5674530267715454 0.5611816048622131
Car 0.0 0 2.5607168674468994 915.1744995117188 142.93527221679688 1181.43505859375 234.1035614013672 4.234126 1.6518724 1.5899826 8.300626 1.1101347 13.958928 3.0971906185150146 0.3861125111579895
Car 0.0 0 -1.4631812572479248 713.5750732421875 171.17196655273438 745.85205078125 195.1121826171875 3.929836 1.4914126 1.6660995 7.8152285 1.3869838 47.063717 -1.29862642288208 0.3448014259338379
Car 0.0 0 0.961694598197937 203.54795837402344 178.7991180419922 313.119873046875 222.5033721923828 3.811687 1.4202447 1.5798529 -12.491182 1.6440316 25.499115 0.5061860084533691 0.33908602595329285
