Car 0.0 0 -1.8051483631134033 718.2223510742188 173.55137634277344 878.9986572265625 290.3064270019531 3.7716749 1.5916771 1.6299515 2.8073616 1.6052096 11.742334 -1.570473074913025 0.9933966398239136
Car 0.0 0 -1.6951334476470947 659.0986938476562 175.91981506347656 718.2340087890625 221.40452575683594 3.7688925 1.4758911 1.6095146 2.6669388 1.5929676 25.566427 -1.5911952257156372 0.9874795079231262
Car 0.0 0 -2.4835524559020996 0.0 179.2960205078125 344.129150390625 298.0966796875 4.315137 1.510757 1.6222044 -6.303648 1.6126753 10.32927 -3.031489610671997 0.9864343404769897
Car 0.0 0 3.3940136432647705 336.24627685546875 171.39170837402344 485.0718994140625 222.3330841064453 4.287044 1.5571687 1.6006263 -6.283607 1.5128275 22.886618 3.1260623931884766 0.9675046801567078
Car 0.0 0 -0.2067590355873108 700.2254028320312 170.697998046875 807.095703125 209.61805725097656 4.1718707 1.5984303 1.6751508 5.971216 1.510242 30.495949 -0.013401714153587818 0.9087833166122437
Car 0.0 0 3.407862663269043 316.7056579589844 176.47401428222656 468.9804992675781 229.44680786132812 3.878258 1.4453018 1.6679419 -6.18038 1.5538657 20.684336 3.117511510848999 0.8597394227981567
Car 0.0 0 -1.6131458282470703 628.96044921875 172.7526397705078 651.6104736328125 192.52359008789062 3.6997707 1.5711247 1.6957966 2.4316504 1.5634273 59.186184 -1.5720841884613037 0.8450254201889038
Car 0.0 0 0.3974147140979767 162.73675537109375 159.85658264160156 387.9882507324219 250.9111785888672 3.9851575 1.8068874 1.6285568 -6.9612813 1.5493245 15.193488 -0.03221697360277176 0.7392404675483704
Car 0.0 0 -2.871103286743164 414.63494873046875 172.5255584716797 515.7566528320312 206.81729125976562 4.202004 1.5120676 1.7322648 -6.5789866 1.4979433 32.82939 -3.068882703781128 0.6602851152420044
Car 0.0 0 0.36919209361076355 362.1697998046875 175.37661743164062 482.87579345703125 217.35140991210938 3.8049583 1.4131862 1.5694191 -6.59974 1.5058718 25.407494 0.11505293846130371 0.6498875617980957
Car 0.0 0 -2.5137455463409424 252.97366333007812 175.9615936279297 424.2328796386719 235.34902954101562 3.858163 1.3749462 1.519589 -6.8215933 1.4585078 18.074114 -2.8746390342712402 0.6198517680168152
Car 0.0 0 0.37713611125946045 382.0124206542969 167.109619140625 504.52142333984375 212.10060119628906 4.330646 1.6719173 1.6178023 -6.4579105 1.4588077 27.933722 0.14994072914123535 0.5772833228111267
Car 0.0 0 -2.6617753505706787 132.8878173828125 172.30621337890625 386.1981201171875 266.6826477050781 3.7432191 1.5724056 1.6370028 -6.1851015 1.5636365 12.897992 -3.1089212894439697 0.5686582922935486
Car 0.0 0 -2.8721923828125 496.65240478515625 168.92578125 550.86181640625 190.3419952392578 3.687787 1.5603929 1.6939881 -6.4227676 1.2745389 53.68235 -2.9912703037261963 0.43245941400527954
Car 0.0 0 -2.7705256938934326 503.2726745605469 169.58575439453125 558.146240234375 190.65103149414062 3.9184048 1.6025518 1.6451577 -6.1895876 1.354275 56.18949 -2.8802390098571777 0.32635629177093506
