Car 0.0 0 0.3948746621608734 185.47250366210938 179.1744842529297 377.84381103515625 244.1133270263672 3.9983628 1.5049249 1.6059303 -8.011429 1.6683079 17.74703 -0.029162537306547165 0.9884031414985657
Car 0.0 0 -0.29526984691619873 698.055908203125 183.1783447265625 890.726806640625 251.97019958496094 4.036655 1.4850798 1.6268303 4.142365 1.7385792 16.76917 -0.053095344454050064 0.9877457022666931
Car 0.0 0 3.672455072402954 13.08905029296875 172.4981689453125 303.80999755859375 271.6429138183594 4.0572405 1.6122216 1.5770772 -7.7482643 1.606793 12.562932 3.1198060512542725 0.9786416292190552
Car 0.0 0 3.4930758476257324 253.9409637451172 177.46124267578125 390.8456115722656 228.76231384277344 3.707569 1.5509973 1.559905 -9.0523615 1.7021848 22.78959 3.1149728298187256 0.9597275257110596
Car 0.0 0 -2.472484827041626 0.0 182.14271545410156 235.1506805419922 303.0599670410156 4.149324 1.4989203 1.6248655 -7.6919303 1.6374379 9.899264 -3.1330559253692627 0.9345793128013611
Car 0.0 0 -0.6547321677207947 884.510498046875 166.91464233398438 1242.0 375.0 3.829014 1.4922658 1.6195444 4.4464574 1.4502393 5.9863763 -0.01587899774312973 0.7651820778846741
Car 0.0 0 1.4465750455856323 462.0008850097656 175.68434143066406 491.3917236328125 197.15145874023438 3.9772673 1.5751017 1.7447464 -10.344088 1.8023046 55.667393 1.2628509998321533 0.7572141885757446
Car 0.0 0 3.417351722717285 205.78436279296875 176.33030700683594 370.66278076171875 234.07362365722656 3.8910203 1.5135496 1.7001772 -8.911219 1.6164094 20.158234 3.001117467880249 0.5552365779876709
Car 0.0 0 -3.253204345703125 680.21484375 182.7720489501953 842.568603515625 242.1165008544922 4.002047 1.4495255 1.5560955 3.8085413 1.7226087 18.888344 -3.0542376041412354 0.4513930082321167
Car 0.0 0 -2.69213604927063 291.6030578613281 174.89430236816406 423.3521728515625 223.89710998535156 4.0657587 1.6404264 1.5931942 -8.833566 1.715099 25.257341 -3.028581380844116 0.4063125252723694
