Cyclist 0.0 0 1.5409133434295654 461.47222900390625 173.70628356933594 485.83349609375 249.0523223876953 1.6229525 1.7330595 0.52475876 -3.361848 1.7550502 17.461977 1.3507165908813477 0.7453246712684631
Car 0.0 0 -0.6744226217269897 896.3135375976562 176.0930633544922 1242.0 314.50469970703125 4.1240478 1.5063604 1.5916182 5.8360653 1.551009 8.879754 -0.09297969192266464 0.996269702911377
Car 0.0 0 -1.7218971252441406 627.955322265625 179.12986755371094 687.7380981445312 222.8495635986328 4.2025404 1.4834619 1.6197815 1.6814052 1.7398413 27.26679 -1.66031014919281 0.9945716261863708
Car 0.0 0 -0.38927900791168213 785.0004272460938 174.7787322998047 1030.797119140625 265.8384094238281 4.1010733 1.657641 1.6142933 5.592602 1.6975346 13.992622 -0.00904665794223547 0.9805477857589722
Car 0.0 0 0.30066320300102234 299.6033935546875 173.39175415039062 441.8638916015625 227.0484619140625 3.6683369 1.5244751 1.6892567 -7.0549994 1.5414325 21.392225 -0.017897387966513634 0.9589862823486328
Car 0.0 0 -0.45329782366752625 809.4820556640625 183.04763793945312 1109.5286865234375 288.49029541015625 4.0070047 1.5369382 1.6451291 5.373466 1.7124463 11.537569 -0.017434842884540558 0.951843798160553
Car 0.0 0 -2.361199378967285 0.0 196.6383514404297 188.5455780029297 366.2860107421875 3.9500074 1.494069 1.7012386 -6.9166493 1.7733988 7.535681 -3.1037909984588623 0.9134342074394226
Car 0.0 0 -2.8070156574249268 338.93902587890625 177.9503631591797 471.5555419921875 223.8543701171875 3.9400623 1.4529699 1.5519122 -6.774226 1.628609 23.923326 -3.082956075668335 0.8663696646690369
Car 0.0 0 0.5300452709197998 0.0 167.96678161621094 268.3534240722656 309.5957336425781 3.6685328 1.7763169 1.6007512 -6.9975157 1.7153789 9.992723 -0.08085589110851288 0.7781485319137573
Car 0.0 0 -2.9165658950805664 414.1531066894531 177.02609252929688 501.49871826171875 211.75636291503906 3.865462 1.6279933 1.6295578 -7.3463717 1.8349078 34.87165 -3.1241986751556396 0.7596577405929565
Car 0.0 0 -1.6669843196868896 614.3300170898438 177.78746032714844 648.2592163085938 205.49636840820312 3.466186 1.5225204 1.6442146 1.168037 1.8227168 42.06453 -1.6392236948013306 0.648284375667572
Car 0.0 0 3.2928884029388428 429.9590759277344 179.36993408203125 501.3058166503906 211.01504516601562 3.489381 1.6137178 1.5777125 -7.6008916 1.9652631 38.017403 3.0955584049224854 0.4752655327320099
Car 0.0 0 0.2406855970621109 445.95135498046875 175.6924591064453 513.648681640625 201.31202697753906 3.9012764 1.5690937 1.680497 -8.184288 1.7516841 45.36103 0.062180519104003906 0.4515616297721863
