Pedestrian 0.0 0 -0.6829402446746826 182.12107849121094 161.9774169921875 267.6737365722656 280.435546875 1.0855597 1.8293352 0.6258378 -6.1612024 1.5291512 11.712611 -1.1671955585479736 0.9883683323860168
Pedestrian 0.0 0 -0.6074026823043823 1144.284423828125 131.13351440429688 1238.0 300.0871276855469 0.61936545 1.7157134 0.5948332 6.234667 1.2056105 7.6129003 0.07879328727722168 0.858515202999115
Pedestrian 0.0 0 2.4148337841033936 998.2592163085938 137.06471252441406 1073.7283935546875 284.1197509765625 0.53008795 1.7897985 0.63354623 5.446877 1.2503201 9.100813 2.954152822494507 0.7390071153640747
Pedestrian 0.0 0 -1.9344381093978882 597.7627563476562 156.5843505859375 635.7864990234375 236.25213623046875 1.1119088 1.8529629 0.55409896 0.32404107 1.2746652 17.321758 -1.9157330989837646 0.7148342728614807
Pedestrian 0.0 0 2.4597177505493164 118.80307006835938 153.87371826171875 194.3753662109375 269.35235595703125 0.921071 1.8756224 0.5983901 -7.5795965 1.4282031 12.197722 1.9037153720855713 0.7034971117973328
Pedestrian 0.0 0 0.8857322931289673 1074.468017578125 150.4065399169922 1213.378173828125 355.220947265625 0.8512991 1.6540728 0.54287255 4.6213546 1.4043543 6.236647 1.5234483480453491 0.5566063523292542
Pedestrian 0.0 0 -0.9884113073348999 679.3361206054688 151.48841857910156 767.0111083984375 306.7980651855469 1.0351942 1.7168877 0.5473626 1.4061395 1.3864759 8.504137 -0.824546217918396 0.5379593372344971
Pedestrian 0.0 0 -1.8866558074951172 721.6978149414062 158.92662048339844 784.0999145507812 272.6861267089844 1.1750565 1.722185 0.6369271 2.3568604 1.3817552 11.491965 -1.6843730211257935 0.41337376832962036
Car 0.0 0 1.6230570077896118 511.3201599121094 172.15664672851562 562.5172119140625 213.91929626464844 3.609278 1.4437492 1.7063226 -2.350649 1.1218137 26.66439 1.5351274013519287 0.9674850106239319
Car 0.0 0 1.7727391719818115 383.8291015625 158.84217834472656 473.2392578125 228.70960998535156 4.349538 1.8494946 1.7172158 -4.9982805 1.2508754 21.211905 1.5413249731063843 0.4364333152770996
