Car 0.0 0 1.9042646884918213 256.6859436035156 191.50804138183594 422.3819885253906 281.4385681152344 4.174255 1.4152095 1.644764 -4.920181 1.5546286 13.698332 1.5594342947006226 0.9944737553596497
Car 0.0 0 2.0754289627075195 93.72062683105469 192.96485900878906 258.14892578125 270.2284851074219 3.2364583 1.3683534 1.4910754 -8.690943 1.5456151 14.695626 1.541359543800354 0.9930375218391418
Car 0.0 0 1.9750689268112183 211.30661010742188 178.1346435546875 311.905029296875 224.3409881591797 3.929375 1.420516 1.6159176 -11.504307 1.2039554 24.092226 1.529573678970337 0.9778826832771301
Car 0.0 0 1.8229188919067383 374.3118896484375 181.51719665527344 436.0174865722656 215.06822204589844 3.8033686 1.3402375 1.6322155 -8.58705 1.1936277 30.630367 1.5495909452438354 0.9330715537071228
Car 0.0 0 -1.5543451309204102 570.4014282226562 181.31153869628906 600.746337890625 207.05368041992188 3.5700505 1.3974417 1.6472644 -1.2593447 1.186632 40.816868 -1.585188865661621 0.9030786156654358
Car 0.0 0 -1.6238987445831299 574.11279296875 177.1498260498047 598.03662109375 198.6715087890625 3.36078 1.5552956 1.6046895 -1.6639818 0.97353506 53.68722 -1.654882788658142 0.8419825434684753
Car 0.0 0 -1.1844532489776611 311.1385803222656 175.66476440429688 406.28936767578125 224.390625 3.9902012 1.520186 1.672994 -8.388161 1.2233398 24.462425 -1.5147887468338013 0.788862407207489
Car 0.0 0 1.8881253004074097 403.2856140136719 179.178466796875 440.00128173828125 199.8015899658203 3.757725 1.4522702 1.5018162 -13.576035 1.028263 52.541042 1.635266661643982 0.4087565541267395
Car 0.0 0 1.6888128519058228 498.14678955078125 177.1566162109375 535.3663940429688 208.56187438964844 3.7163417 1.5896716 1.5392294 -4.823872 1.1828691 38.24713 1.5633515119552612 0.3479486405849457
Car 0.0 0 3.6697137355804443 0.0 207.76121520996094 94.81631469726562 369.787109375 3.919699 1.5502712 1.6109205 -8.74518 1.8598818 8.533769 2.8720810413360596 0.32762375473976135
