Car 0.0 0 -1.7329437732696533 683.89013671875 183.74119567871094 786.5632934570312 255.09718322753906 4.4219027 1.3851235 1.6248181 2.725337 1.673781 16.891285 -1.5729765892028809 0.992396891117096
Car 0.0 0 -3.416459083557129 749.9562377929688 176.29771423339844 898.8991088867188 226.75155639648438 3.9880269 1.4523598 1.7049313 6.329731 1.5607085 21.754917 -3.133319616317749 0.9900392889976501
Car 0.0 0 0.6256022453308105 0.0 179.5688018798828 308.5012512207031 328.73931884765625 4.0874796 1.6047409 1.5814383 -6.0453725 1.6933483 8.656806 0.01599287986755371 0.9644949436187744
Car 0.0 0 3.309933662414551 415.921630859375 177.68186950683594 519.5299072265625 214.75579833984375 4.1097007 1.5208765 1.627438 -6.030694 1.7323895 30.688616 3.115893840789795 0.9615985751152039
Car 0.0 0 0.31589260697364807 279.6195983886719 181.2540283203125 465.6410217285156 241.35226440429688 4.141568 1.4260314 1.6690129 -5.9258904 1.6479052 18.188393 0.0009317398071289062 0.9413793683052063
Car 0.0 0 -2.5703015327453613 100.92359161376953 174.3810577392578 374.52960205078125 262.7446594238281 4.3791842 1.5315614 1.661092 -6.944414 1.5628743 13.581442 -3.0429611206054688 0.9251632690429688
Car 0.0 0 0.24788574874401093 401.96282958984375 178.2315216064453 494.15570068359375 217.03871154785156 3.2518494 1.46532 1.5201125 -6.342035 1.6823719 28.268568 0.027190685272216797 0.870309054851532
Car 0.0 0 -2.753282308578491 446.699462890625 173.6392364501953 533.1620483398438 207.72132873535156 3.8846738 1.6176887 1.590456 -5.9262 1.6580001 35.50514 -2.918668746948242 0.8178489804267883
Car 0.0 0 -2.2507309913635254 1051.5260009765625 188.25437927246094 1242.0 373.97601318359375 3.9491231 1.5057623 1.6789974 6.9595118 1.7232165 8.173378 -1.5453753471374512 0.7458048462867737
Car 0.0 0 -2.458338499069214 0.0 175.16954040527344 293.9217834472656 284.8838806152344 3.6076221 1.5482835 1.7328701 -7.1794257 1.5883387 11.296003 -3.0245041847229004 0.549500048160553
Car 0.0 0 -2.939668893814087 465.3940124511719 169.36265563964844 535.9290161132812 200.1713409423828 3.675151 1.6979002 1.6608156 -6.1648703 1.5058459 40.68596 -3.090048313140869 0.5143362283706665
Car 0.0 0 -1.58046555519104 633.490966796875 176.81101989746094 653.8258056640625 195.05848693847656 3.5925164 1.4477128 1.6347331 2.7489288 1.7863646 59.858463 -1.534574031829834 0.49539026618003845
Car 0.0 0 -3.260979175567627 671.9751586914062 176.0460968017578 739.4212036132812 199.88674926757812 4.060821 1.4732097 1.6481167 5.984357 1.6793097 45.65682 -3.1306495666503906 0.47807931900024414
Car 0.0 0 0.56428062915802 199.03353881835938 163.00067138671875 385.59649658203125 234.85476684570312 3.4662273 1.4838544 1.5787795 -7.001221 1.2807319 15.937799 0.1503736972808838 0.3584692180156708
