Car 0.0 0 -1.825188398361206 700.6038818359375 182.4033966064453 836.8848876953125 273.23785400390625 3.8150687 1.4226725 1.5547241 2.7771444 1.6295363 13.653974 -1.6245309114456177 0.9974921941757202
Car 0.0 0 -1.678484320640564 661.8878173828125 178.1791229248047 722.409912109375 227.961669921875 3.7805262 1.5322628 1.6250685 2.665615 1.7274183 24.500881 -1.5701138973236084 0.9972609281539917
Car 0.0 0 -2.527080535888672 81.26361083984375 175.92752075195312 364.489990234375 284.2237854003906 4.0281286 1.6694794 1.6513671 -6.5166206 1.7266076 12.252907 -3.0158767700195312 0.975109875202179
Car 0.0 0 -2.784451723098755 251.03759765625 165.78709411621094 432.76837158203125 248.05487060546875 3.6390734 1.8392051 1.7310257 -6.2596703 1.6815732 17.001627 -3.137230396270752 0.956752598285675
Car 0.0 0 -1.6660102605819702 647.7989501953125 179.89976501464844 696.30224609375 220.65594482421875 4.0035625 1.5750417 1.660005 2.5227861 1.8937815 30.589533 -1.5837242603302002 0.9336748123168945
Car 0.0 0 -2.769571304321289 333.87261962890625 180.2133331298828 480.0426025390625 233.25392150878906 4.017487 1.5369097 1.6039578 -6.226583 1.7736311 22.176012 -3.0433032512664795 0.8293613195419312
Car 0.0 0 -2.647758960723877 367.6748046875 174.99571228027344 498.0916748046875 225.86891174316406 4.107199 1.6697079 1.6711695 -6.1827235 1.7485378 25.112139 -2.889162302017212 0.8164049386978149
Car 0.0 0 -1.7030011415481567 639.1519165039062 176.5262908935547 678.1500854492188 207.92892456054688 3.8682032 1.619674 1.6331619 2.58811 1.832002 39.66106 -1.6378378868103027 0.7737095952033997
Car 0.0 0 0.25494736433029175 299.9412841796875 181.2628631591797 455.7597961425781 243.46990966796875 3.727228 1.5808462 1.5508822 -6.210744 1.8180546 19.445349 -0.054206524044275284 0.6671234965324402
Car 0.0 0 -1.6034252643585205 629.9450073242188 174.8275146484375 654.201416015625 197.35801696777344 3.8917809 1.5986309 1.6637939 2.3178017 1.7506458 53.4904 -1.5601211786270142 0.5384079217910767
Car 0.0 0 0.8780114650726318 0.0 171.3572540283203 152.65757751464844 353.7890625 3.7640254 1.5731302 1.5644094 -6.9415064 1.5605816 7.205507 0.11127233505249023 0.3669484853744507
Car 0.0 0 -2.979787588119507 490.4505310058594 178.1595001220703 551.7517700195312 201.4659881591797 4.08396 1.6021798 1.6287138 -6.2691307 1.983396 50.899452 -3.10233736038208 0.31882306933403015
