Car 0.0 0 -1.7406954765319824 681.7393188476562 182.3755340576172 784.3897094726562 257.8981018066406 4.2728076 1.4882344 1.624031 2.6827235 1.7400124 16.903357 -1.5832988023757935 0.9986866116523743
Car 0.0 0 -2.046052932739258 780.9334106445312 191.19105529785156 1115.7939453125 375.0 3.3805563 1.445538 1.5720028 2.9800582 1.6752406 7.2699647 -1.6570295095443726 0.997294008731842
Car 0.0 0 -1.680451512336731 662.0113525390625 177.80447387695312 717.3311157226562 221.11936950683594 4.1400285 1.5182754 1.6588715 2.951831 1.7238593 27.835861 -1.5748021602630615 0.9938264489173889
Car 0.0 0 -2.744830846786499 324.89129638671875 181.847900390625 480.7356872558594 235.90310668945312 4.0263505 1.4602845 1.6024879 -5.97876 1.7336208 20.864906 -3.023899555206299 0.9791676998138428
Car 0.0 0 -2.6474411487579346 104.01557159423828 176.84996032714844 359.33502197265625 273.5624084472656 3.6694527 1.5881441 1.6263748 -6.6048346 1.6638474 12.758824 -3.1251230239868164 0.922738254070282
Car 0.0 0 -1.6471760272979736 643.7246704101562 173.99600219726562 671.197265625 197.93276977539062 3.7798867 1.492753 1.497075 3.0296965 1.5706254 47.074074 -1.5829044580459595 0.9103188514709473
Car 0.0 0 0.2866257429122925 339.72100830078125 171.46734619140625 470.1511535644531 218.1212158203125 3.7830496 1.4588478 1.5243589 -6.613049 1.4158458 23.341537 0.010544061660766602 0.8852298259735107
Car 0.0 0 3.2921414375305176 412.43707275390625 177.11561584472656 509.9957275390625 216.31507873535156 3.844167 1.6013861 1.7149409 -6.29471 1.788366 30.638008 3.0895068645477295 0.8353186249732971
Car 0.0 0 0.4013553857803345 176.44796752929688 173.03054809570312 403.57232666015625 255.44403076171875 4.06256 1.6339227 1.5644094 -6.62693 1.6381762 15.11219 -0.011907127685844898 0.8328676223754883
Car 0.0 0 -2.5648016929626465 0.0 183.0854034423828 314.49884033203125 299.65045166015625 3.722194 1.4913974 1.585419 -6.4150424 1.6479799 10.1938 -3.126492977142334 0.831088125705719
Car 0.0 0 -2.2517526149749756 0.0 186.7537841796875 203.3936767578125 342.2566833496094 3.6081116 1.4330152 1.5946563 -6.7192965 1.6085855 7.969859 -2.9522204399108887 0.47580453753471375
