Car 0.0 0 -1.820095181465149 708.8567504882812 184.3048858642578 893.8843994140625 299.9248046875 4.3357725 1.3746418 1.6493063 2.6395874 1.5872627 11.190171 -1.5884451866149902 0.9944228529930115
Car 0.0 0 0.2260155826807022 375.4656677246094 177.7103729248047 506.4841003417969 221.5867462158203 4.180956 1.4653829 1.6140028 -5.848478 1.6400936 25.08849 -0.0030083272140473127 0.9615229368209839
Car 0.0 0 -0.29092153906822205 805.9330444335938 175.0266876220703 1024.536376953125 246.54220581054688 4.197093 1.4987224 1.8078476 6.675211 1.5514686 16.290237 0.0979766845703125 0.933838963508606
Car 0.0 0 3.390842914581299 345.9962463378906 176.1493377685547 468.13726806640625 224.3987579345703 3.3834894 1.4469424 1.6533772 -6.335475 1.554582 22.620476 3.117762804031372 0.9130032658576965
Car 0.0 0 0.402729332447052 419.3048095703125 173.80191040039062 520.909423828125 213.25772094726562 3.8010705 1.5659895 1.6196219 -5.80784 1.6071696 29.881496 0.21076035499572754 0.8929266333580017
Car 0.0 0 -0.24094130098819733 716.8500366210938 175.8670654296875 821.99755859375 211.60330200195312 4.045245 1.452074 1.6057991 6.603043 1.5826154 30.31611 -0.026484280824661255 0.8845740556716919
Car 0.0 0 -0.33052659034729004 725.96240234375 177.92318725585938 841.1561889648438 218.77749633789062 4.045701 1.5113322 1.549604 6.6224732 1.7145038 27.897402 -0.0974540188908577 0.8522717356681824
Car 0.0 0 0.3468014597892761 99.48146057128906 186.25332641601562 418.84210205078125 273.60089111328125 4.6997304 1.3486264 1.6291533 -5.8966146 1.6000936 12.486788 -0.09438299387693405 0.8277552127838135
Car 0.0 0 -2.3759849071502686 0.0 192.0394287109375 226.0864715576172 361.4291076660156 4.1623073 1.562711 1.7201823 -6.75292 1.7976855 7.8475847 -3.0865485668182373 0.7166463136672974
Car 0.0 0 2.931591510772705 677.00634765625 176.4474639892578 758.3013305664062 205.0373077392578 4.189271 1.5354297 1.7080758 5.8897085 1.7398282 39.981243 3.0778512954711914 0.7082125544548035
Car 0.0 0 -1.5812439918518066 632.9310913085938 175.67922973632812 655.666015625 196.67611694335938 3.741233 1.5109545 1.6512755 2.5331914 1.7314924 54.33009 -1.534651756286621 0.6088175773620605
Car 0.0 0 -2.94895076751709 441.63787841796875 168.53196716308594 523.0658569335938 207.7932891845703 3.6166966 1.8488431 1.695619 -6.159217 1.6456736 34.85473 -3.1238560676574707 0.557245135307312
Car 0.0 0 0.17132407426834106 491.5505676269531 175.990478515625 549.5615234375 197.91685485839844 3.6203258 1.4307202 1.6691746 -5.9834056 1.6448827 48.262135 0.04797625541687012 0.5338278412818909
Car 0.0 0 0.3975621163845062 238.31640625 161.93919372558594 456.2533264160156 258.7650451660156 3.9385793 1.8909284 1.6200964 -5.4060216 1.6781294 14.99888 0.051627397537231445 0.5304232239723206
Car 0.0 0 0.7131506204605103 460.6119689941406 174.27369689941406 536.6019897460938 202.46424865722656 4.1290045 1.5045567 1.6649097 -6.3066225 1.588126 40.487865 0.558626651763916 0.4704616963863373
Car 0.0 0 -0.4101657569408417 771.3024291992188 175.07806396484375 937.9853515625 230.0332489013672 4.1451254 1.4656986 1.6101528 6.7669716 1.531693 20.30607 -0.08849137276411057 0.41345319151878357
Car 0.0 0 -2.8711225986480713 495.24676513671875 171.6978302001953 556.929931640625 193.82899475097656 4.0523825 1.5286797 1.5726787 -5.9315653 1.4491761 50.92526 -2.9870760440826416 0.4003063142299652
