Car 0.0 0 2.6415657997131348 818.0067749023438 180.59605407714844 1120.605224609375 279.36077880859375 4.1965566 1.4844043 1.6852955 5.741433 1.6231138 11.940976 3.089750051498413 0.9966340661048889
Car 0.0 0 0.28567084670066833 297.32086181640625 179.60438537597656 451.7252197265625 237.3859405517578 3.7625089 1.5152469 1.6142075 -6.476691 1.7105782 19.978508 -0.027821825817227364 0.9915633201599121
Car 0.0 0 0.4935038983821869 44.556251525878906 180.1774139404297 352.86077880859375 285.53173828125 4.070014 1.57468 1.6689396 -6.577806 1.7033246 11.769487 -0.01613626256585121 0.9808604717254639
Car 0.0 0 -1.649677038192749 648.0460205078125 182.12071228027344 699.792724609375 225.18331909179688 3.8164876 1.4074823 1.566389 2.2191484 1.7704093 26.315765 -1.565548300743103 0.977258026599884
Car 0.0 0 -2.484137773513794 0.0 193.99502563476562 276.92132568359375 323.8648376464844 3.8520105 1.4541286 1.5683211 -6.588277 1.7493708 9.207858 -3.1051948070526123 0.9700681567192078
Car 0.0 0 -1.6129969358444214 639.80419921875 178.34698486328125 677.95458984375 211.37217712402344 3.91091 1.5023496 1.6947259 2.3114233 1.7876493 35.451855 -1.5478901863098145 0.9476215243339539
Car 0.0 0 -2.3100762367248535 0.0 175.1533660888672 187.9989471435547 375.0 3.719824 1.7151309 1.6898392 -6.344545 1.7402236 6.7706647 -3.062995195388794 0.9161510467529297
Car 0.0 0 3.520820140838623 155.2310333251953 184.71092224121094 365.29583740234375 262.92462158203125 3.3887439 1.4165564 1.5748701 -6.822923 1.6657282 14.238355 3.07395601272583 0.8871637582778931
Car 0.0 0 1.6441166400909424 551.981201171875 178.06234741210938 576.816650390625 199.76808166503906 3.5891352 1.4342725 1.4725316 -3.1801174 1.8110447 50.341846 1.581030011177063 0.8784631490707397
Car 0.0 0 0.3852769434452057 364.121826171875 174.22276306152344 478.3022155761719 219.6925811767578 3.8369083 1.6440548 1.6224245 -7.1169915 1.6980144 27.201199 0.12937092781066895 0.8251134753227234
Car 0.0 0 0.2990678548812866 449.5062255859375 177.88363647460938 532.494140625 208.00836181640625 4.008084 1.5258821 1.6345091 -6.270926 1.798579 37.985867 0.13545775413513184 0.7232087850570679
Car 0.0 0 0.3456668257713318 415.26220703125 180.30685424804688 516.1236572265625 215.4196319580078 4.175939 1.5179317 1.6819912 -6.56642 1.8690265 32.813396 0.1481616497039795 0.7116031646728516
Car 0.0 0 -1.55288827419281 626.4006958007812 176.3705291748047 647.6958618164062 196.46820068359375 3.9471097 1.432051 1.5282463 2.0308409 1.7060306 54.12737 -1.5153862237930298 0.6594759821891785
Car 0.0 0 1.3133082389831543 478.83172607421875 177.74124145507812 522.867431640625 205.6667938232422 3.711557 1.5332285 1.6584138 -6.4837494 1.8342686 42.35657 1.1614118814468384 0.32738709449768066
Car 0.0 0 0.30638596415519714 340.91015625 169.78607177734375 477.78875732421875 224.4197235107422 3.8982427 1.6643411 1.4935249 -6.3212867 1.5712388 22.79411 0.03586316108703613 0.30544665455818176
