Pedestrian 0.0 0 1.3460160493850708 734.9570922851562 147.0975341796875 777.7555541992188 244.47959899902344 0.90373325 1.7757293 0.59905416 2.8700714 1.1496788 13.552611 1.5547053813934326 0.9638535380363464
Pedestrian 0.0 0 -1.511855959892273 570.7010498046875 164.53338623046875 602.0386962890625 260.52532958984375 0.9919357 1.7364975 0.534823 -0.31263393 1.4308397 13.497309 -1.5350145101547241 0.9364643692970276
Pedestrian 0.0 0 1.7060847282409668 597.5551147460938 155.2139129638672 620.4900512695312 208.59356689453125 0.85702604 1.8142617 0.68689793 0.24533558 0.92192817 24.885752 1.7159428596496582 0.6659672856330872
Pedestrian 0.0 0 -1.9677681922912598 841.2627563476562 142.58935546875 922.6234130859375 281.1217956542969 1.1508209 1.7397672 0.6086055 3.6733124 1.252442 9.603383 -1.6024367809295654 0.5412951707839966
Pedestrian 0.0 0 -1.1977894306182861 485.03814697265625 156.7268829345703 525.7169189453125 248.71697998046875 0.64243585 1.8381325 0.63867927 -2.0028126 1.3443655 14.738487 -1.3328521251678467 0.5262753367424011
Pedestrian 0.0 0 1.6016956567764282 563.6094360351562 153.24034118652344 584.3128051757812 207.7695770263672 0.9247898 1.8514795 0.68957 -0.96750915 0.89302963 24.852793 1.5627857446670532 0.46534299850463867
Pedestrian 0.0 0 -1.5696512460708618 584.8858032226562 154.28187561035156 600.5691528320312 205.89306640625 0.76706415 1.8314843 0.556583 -0.33619204 0.86667347 25.875164 -1.5826433897018433 0.4172845482826233
Pedestrian 0.0 0 -1.765686273574829 635.5281372070312 152.9591827392578 662.2332153320312 217.3007049560547 1.0053561 1.7754604 0.56823814 1.3058949 0.9890491 20.354788 -1.7016174793243408 0.39280402660369873
Pedestrian 0.0 0 -1.5701704025268555 357.7430725097656 155.4755096435547 397.63507080078125 262.79156494140625 0.65123445 1.8022256 0.64501613 -3.9245555 1.3664646 12.468127 -1.8751193284988403 0.32029855251312256
Cyclist 0.0 0 -1.5374716520309448 524.598388671875 162.38258361816406 548.27783203125 234.4243927001953 1.4836751 1.7652385 0.5574175 -1.6816549 1.2979956 18.355484 -1.6288325786590576 0.38178786635398865
