Cyclist 0.0 0 1.6506329774856567 526.2976684570312 179.95896911621094 543.1812744140625 221.87181091308594 1.6095582 1.7393392 0.5982764 -3.268046 2.0532491 31.02766 1.545693039894104 0.3093896508216858
Car 0.0 0 -2.7618277072906494 222.263427734375 184.88198852539062 421.4167785644531 255.08555603027344 4.0903244 1.5681722 1.6885029 -6.826497 1.87042 17.256561 -3.1385252475738525 0.9881460666656494
Car 0.0 0 2.6091644763946533 880.1088256835938 187.40670776367188 1202.5338134765625 301.9483947753906 3.7857158 1.5180043 1.5838909 6.0969825 1.7480423 10.575238 3.132150650024414 0.9825746417045593
Car 0.0 0 -1.6334270238876343 634.7335815429688 185.35140991210938 672.6259765625 218.6334686279297 4.051085 1.5255122 1.6574697 2.126649 2.1953967 36.62298 -1.5754234790802002 0.9818991422653198
Car 0.0 0 -3.5770604610443115 837.6892700195312 179.44039916992188 1102.275390625 272.3257751464844 4.0829754 1.593442 1.5945125 6.4436126 1.7229767 13.3205595 -3.12650990486145 0.9775137901306152
Car 0.0 0 -3.728494882583618 956.7643432617188 186.56478881835938 1242.0 341.3272399902344 3.8563237 1.480307 1.6349013 6.118547 1.6507806 8.007688 -3.076040744781494 0.9774062633514404
Car 0.0 0 0.4227445423603058 72.07913970947266 185.3647003173828 355.25018310546875 278.55194091796875 4.0625362 1.4770924 1.5361859 -6.790892 1.7116268 12.591073 -0.07187900692224503 0.9746547937393188
Car 0.0 0 -2.5799143314361572 0.0 191.373779296875 325.6164855957031 309.5925598144531 3.9401288 1.4955949 1.6478605 -6.376149 1.7796092 10.21728 -3.137834072113037 0.9713336229324341
Car 0.0 0 -0.20632541179656982 726.8248901367188 178.4937286376953 863.6749267578125 230.0911865234375 4.0697703 1.6057568 1.6619377 5.9183517 1.7974292 23.56251 0.03976035118103027 0.9515511989593506
Car 0.0 0 -3.5120089054107666 816.1361694335938 183.68482971191406 1008.8682250976562 258.4847412109375 3.6098452 1.5434006 1.5314145 6.5166774 1.7946812 15.9149685 -3.1233668327331543 0.9459536075592041
Car 0.0 0 0.3154505789279938 281.5933837890625 180.84422302246094 439.67431640625 246.36512756347656 3.7334056 1.6867 1.6777086 -6.7450495 1.9142971 19.650375 -0.01520091574639082 0.9407414793968201
Car 0.0 0 -0.2570444941520691 731.251220703125 182.64178466796875 890.4234619140625 235.56129455566406 4.2475667 1.4790745 1.6473751 5.794517 1.7800475 21.316586 0.008373498916625977 0.9386423230171204
Car 0.0 0 -0.500285804271698 767.3314819335938 186.69009399414062 938.366943359375 245.63409423828125 3.902153 1.3763993 1.5091325 6.1157613 1.7515569 18.4506 -0.18021607398986816 0.9237551689147949
Car 0.0 0 0.15678206086158752 408.2301025390625 183.6163330078125 500.1235656738281 221.2353973388672 3.6353755 1.5369809 1.6978985 -6.668867 2.0134273 30.967413 -0.05532968044281006 0.7672331929206848
Car 0.0 0 -2.8915631771087646 459.5081787109375 181.93817138671875 532.1098022460938 210.11370849609375 4.1637096 1.6784493 1.6256227 -7.065102 2.2533488 44.62932 -3.0485665798187256 0.6579422950744629
Car 0.0 0 -1.5279741287231445 621.697021484375 181.6917266845703 647.044921875 204.54867553710938 3.816082 1.536434 1.6654314 1.760176 2.1976502 51.985447 -1.4941279888153076 0.6559836864471436
Car 0.0 0 -1.965576410293579 0.0 190.96389770507812 184.8014373779297 354.1208190917969 3.3920085 1.4353385 1.5748237 -6.6763124 1.6783329 8.170456 -2.65067458152771 0.5472220182418823
Car 0.0 0 -2.8749823570251465 424.7498474121094 184.2988739013672 509.84942626953125 220.32192993164062 3.610066 1.6075808 1.5858463 -6.665843 2.1571221 33.700775 -3.0702567100524902 0.39008456468582153
