Car 0.0 0 -1.7515897750854492 660.9992065429688 180.85919189453125 743.8843994140625 240.80775451660156 4.1386557 1.4956138 1.6066945 2.4864917 1.7488732 20.67764 -1.6319141387939453 0.9988605976104736
Car 0.0 0 -1.9292819499969482 724.3684692382812 185.444580078125 910.1854248046875 304.3107604980469 3.4045706 1.4534625 1.5605512 2.8903475 1.6761732 10.967611 -1.6716058254241943 0.9949637651443481
Car 0.0 0 -2.6144356727600098 139.53077697753906 183.99781799316406 387.8023986816406 265.4485778808594 4.0587535 1.4280788 1.5863032 -6.602422 1.657474 13.868577 -3.0587573051452637 0.9711316227912903
Car 0.0 0 -1.6604843139648438 650.3637084960938 177.1590576171875 696.1015625 218.3308563232422 3.9382584 1.6564063 1.6229142 2.650144 1.8559768 31.412163 -1.5763168334960938 0.9623205661773682
Car 0.0 0 0.3721240758895874 259.1388854980469 182.18809509277344 439.88409423828125 245.24484252929688 4.141507 1.5476803 1.5785209 -6.7461615 1.802272 18.803608 0.02765822410583496 0.9566897749900818
Car 0.0 0 -2.802781105041504 366.5287170410156 186.2843017578125 489.9165344238281 231.85543823242188 3.750442 1.4496608 1.5666459 -6.1570005 1.92317 24.464373 -3.049332857131958 0.9393652677536011
Car 0.0 0 -2.7077152729034424 222.56968688964844 179.99745178222656 415.1025085449219 250.04177856445312 3.7629604 1.4985924 1.6057293 -6.622961 1.6714355 16.518805 -3.089027166366577 0.9224140048027039
Car 0.0 0 0.571342945098877 45.00401306152344 186.69161987304688 327.26544189453125 283.0037536621094 3.6711426 1.406834 1.5668087 -6.7623396 1.647309 11.651679 0.04547882080078125 0.8947428464889526
Car 0.0 0 0.518111526966095 0.0 191.15185546875 278.41717529296875 330.4883117675781 3.868435 1.548726 1.6112417 -6.6190147 1.8097105 9.276857 -0.10161585360765457 0.8824107050895691
Car 0.0 0 -2.359921455383301 0.0 187.7818603515625 221.27549743652344 375.0 4.1436954 1.5411505 1.7367743 -6.3135395 1.704568 6.923482 -3.099273681640625 0.8428176045417786
Car 0.0 0 -1.548852801322937 637.58984375 179.20074462890625 661.4814453125 200.97398376464844 3.8549137 1.4400004 1.5994271 2.7887611 1.9051639 50.856228 -1.4940714836120605 0.7526402473449707
Car 0.0 0 1.6740877628326416 506.7491149902344 180.62667846679688 542.0848388671875 210.2374725341797 4.0365734 1.559176 1.5915824 -4.8585987 2.0240138 41.08535 1.5563782453536987 0.47700658440589905
Car 0.0 0 0.2977946400642395 480.4563903808594 178.49557495117188 542.91845703125 204.10047912597656 3.6096225 1.5679595 1.6173693 -6.244169 1.9345794 45.7514 0.16215229034423828 0.42394670844078064
