Car 0.0 0 1.8099415302276611 420.21990966796875 185.4208984375 485.8992919921875 231.30718994140625 3.9026198 1.543659 1.5470307 -5.8985176 2.0542464 27.321291 1.5973105430603027 0.998489499092102
Car 0.0 0 2.1532790660858154 0.0 207.7443389892578 274.2944641113281 370.3486328125 3.8612514 1.4196658 1.535581 -5.938461 1.9516184 9.058405 1.5729948282241821 0.9972153902053833
Car 0.0 0 1.8677881956100464 330.10394287109375 189.0333709716797 436.691650390625 254.60415649414062 4.1592503 1.5175447 1.6314077 -6.1147575 2.0087416 19.805147 1.5683270692825317 0.9927414655685425
Car 0.0 0 -1.7370891571044922 678.2400512695312 174.9320068359375 757.02001953125 229.38265991210938 4.064894 1.4891932 1.6918291 3.1170428 1.5586605 21.94068 -1.5959666967391968 0.9898685216903687
Car 0.0 0 2.5541000366210938 926.2745971679688 150.88343811035156 1152.661865234375 227.59388732910156 4.035239 1.5750301 1.6037527 9.206449 1.1242851 15.729357 3.0836431980133057 0.9888611435890198
Car 0.0 0 1.967594861984253 207.63278198242188 200.839599609375 374.9820861816406 297.15655517578125 3.770664 1.4409665 1.5621345 -5.921307 2.0494432 13.783805 1.5618475675582886 0.9880802035331726
Car 0.0 0 -1.6866122484207153 664.6519775390625 175.34796142578125 720.9118041992188 219.55047607421875 3.927348 1.5431534 1.6599671 3.0218391 1.6449542 27.377499 -1.5766805410385132 0.9855168461799622
Car 0.0 0 2.5784525871276855 895.8163452148438 140.8800811767578 1061.4554443359375 205.04083251953125 3.493921 1.5575064 1.5335348 9.306963 0.78169554 18.44297 3.0458011627197266 0.916748583316803
Car 0.0 0 1.784297227859497 455.3992614746094 188.72340393066406 507.4840087890625 222.74485778808594 3.5998108 1.4009879 1.637263 -5.8998213 2.172862 33.24632 1.6086677312850952 0.8310819268226624
Car 0.0 0 -1.4729139804840088 721.6921997070312 167.58287048339844 817.499755859375 246.50259399414062 4.124382 1.5234191 1.6863232 3.6348011 1.4220263 16.148016 -1.2515113353729248 0.6108968257904053
Car 0.0 0 -0.5610270500183105 852.3456420898438 153.66339111328125 1001.991455078125 208.05340576171875 3.7147405 1.4899349 1.5120162 9.043749 0.96459436 20.789001 -0.1506952941417694 0.5804014801979065
Car 0.0 0 -1.626688003540039 655.3491821289062 175.89564514160156 690.2208862304688 209.03221130371094 3.8556266 1.6022303 1.5671355 3.1523402 1.7676035 37.192657 -1.5421329736709595 0.4857284426689148
