Car 0.0 0 -2.0968129634857178 824.0838623046875 197.0737762451172 1242.0 375.0 4.1953163 1.4411178 1.6970218 2.9727643 1.686819 5.202868 -1.577710747718811 0.9933034777641296
Car 0.0 0 -1.7173107862472534 658.1030883789062 182.1215057373047 724.1004638671875 232.9983673095703 3.9461315 1.537151 1.6496795 2.6241992 1.8783787 24.531855 -1.6107449531555176 0.9866633415222168
Car 0.0 0 -1.6943190097808838 643.620849609375 182.26771545410156 687.6749267578125 215.7755126953125 4.0836687 1.5045938 1.6666203 2.6502688 1.9971907 35.64569 -1.620105266571045 0.9700570106506348
Car 0.0 0 -2.704136848449707 285.72552490234375 181.59341430664062 448.98040771484375 240.13241577148438 3.8487978 1.4736737 1.6502972 -6.541932 1.7229546 19.51007 -3.027665853500366 0.9626513123512268
Car 0.0 0 -2.9076809883117676 392.509521484375 184.12840270996094 501.9891662597656 221.74685668945312 4.0157013 1.4412581 1.6914942 -6.5295725 1.908952 29.034567 -3.1288902759552 0.770043134689331
Car 0.0 0 -2.9506266117095947 440.67730712890625 183.38722229003906 527.32861328125 212.8515167236328 4.2862773 1.500594 1.670695 -6.66754 2.072063 38.244457 -3.123231887817383 0.719901978969574
Car 0.0 0 -2.3624329566955566 0.0 177.92108154296875 278.5231628417969 348.8083190917969 3.7375784 1.6753463 1.6048082 -6.0279565 1.7407722 8.198482 -2.996428966522217 0.6470794081687927
Car 0.0 0 3.247309446334839 486.9324645996094 180.237548828125 545.3657836914062 204.64610290527344 3.9299862 1.6715902 1.6336739 -6.601273 2.2006004 50.795692 3.1180763244628906 0.6393771767616272
Car 0.0 0 -2.7448537349700928 328.77215576171875 185.3948974609375 472.78143310546875 236.16357421875 3.9010196 1.4359323 1.5507964 -6.340061 1.8340728 21.889812 -3.0267746448516846 0.5044488906860352
Car 0.0 0 -2.718820810317993 177.78271484375 192.68727111816406 419.06146240234375 275.2873840332031 3.8724291 1.4166783 1.5642604 -5.7951155 1.8130949 13.586025 -3.1220033168792725 0.4644964039325714
Car 0.0 0 -1.5868244171142578 635.7213134765625 185.10935974121094 660.6607666015625 209.75375366210938 4.314522 1.4878527 1.5762074 2.4679286 2.3391767 47.914352 -1.5353628396987915 0.4584011435508728
Car 0.0 0 -1.4967105388641357 628.2378540039062 184.5226593017578 651.55224609375 204.1687469482422 4.090202 1.4684193 1.5945827 2.4342144 2.4504056 58.57337 -1.4551761150360107 0.3903721868991852
Car 0.0 0 -2.9221560955047607 405.9072570800781 177.4179229736328 507.907470703125 215.6377716064453 4.052112 1.5967264 1.6507272 -6.6025314 1.799752 31.190851 -3.130758285522461 0.3744002878665924
Car 0.0 0 -2.598712682723999 357.5865783691406 180.70321655273438 482.3968200683594 231.52903747558594 3.8472812 1.5950979 1.485145 -6.4247537 1.8732431 24.280622 -2.857388496398926 0.3167549967765808
