Pedestrian 0.0 0 1.3107609748840332 584.381591796875 138.57940673828125 616.7828369140625 219.7953338623047 0.76774925 1.7312866 0.5286197 -0.14410198 0.8392813 15.50761 1.301468849182129 0.9134423732757568
Pedestrian 0.0 0 1.974793791770935 781.6675415039062 150.03009033203125 855.0443725585938 316.8199462890625 0.7167101 1.663372 0.5057367 2.2149394 1.3611941 7.4836054 2.2625513076782227 0.7606861591339111
Pedestrian 0.0 0 1.9890252351760864 773.26708984375 152.77642822265625 836.4569091796875 300.0976867675781 0.7146205 1.6719735 0.48060954 2.3454306 1.3590194 8.448017 2.259835720062256 0.614245593547821
Pedestrian 0.0 0 1.3859961032867432 553.60498046875 139.47830200195312 582.264892578125 219.04531860351562 0.70183706 1.6685739 0.49324098 -0.8446215 0.80994296 15.221838 1.3305654525756836 0.606363832950592
Pedestrian 0.0 0 1.448123812675476 575.933349609375 142.35687255859375 595.8199462890625 205.3533477783203 0.7421101 1.6779962 0.451075 -0.5603722 0.6635864 19.229126 1.4189902544021606 0.5879848599433899
Pedestrian 0.0 0 0.7174572944641113 703.126953125 132.45535278320312 795.760498046875 324.4875793457031 0.72964644 1.799577 0.54507035 1.3874255 1.3510381 7.076242 0.911069393157959 0.526226282119751
Pedestrian 0.0 0 1.4285953044891357 537.660400390625 135.18577575683594 562.5726318359375 203.5529327392578 0.60885495 1.799659 0.5844091 -1.5126759 0.6084187 18.968239 1.3490159511566162 0.49653926491737366
Pedestrian 0.0 0 -1.7282557487487793 451.1366271972656 137.25921630859375 480.01507568359375 212.71287536621094 0.90970105 1.7618307 0.54355353 -3.4033744 0.75377125 17.025442 -1.9255545139312744 0.4397215247154236
Pedestrian 0.0 0 1.621364951133728 495.5461730957031 134.55917358398438 520.5083618164062 208.02279663085938 0.70447046 1.8412051 0.6002701 -2.5124228 0.6913931 18.092756 1.4833838939666748 0.4333607852458954
Pedestrian 0.0 0 1.5135289430618286 508.5907897949219 133.34524536132812 535.328125 213.4140625 0.61393064 1.8226815 0.5813861 -1.9756659 0.7508632 16.443563 1.393953800201416 0.41469311714172363
