Car 0.0 0 3.6934051513671875 0.0 189.5904083251953 280.21258544921875 319.68585205078125 4.0669775 1.4894118 1.5611616 -6.7535696 1.7296331 9.416597 3.0712296962738037 0.9858322143554688
Car 0.0 0 -1.6782376766204834 668.3868408203125 179.36207580566406 715.6141967773438 215.1846160888672 3.9212873 1.4762789 1.6829172 3.579142 1.7866806 32.408436 -1.5682448148727417 0.966234564781189
Car 0.0 0 0.2657693326473236 412.7481384277344 178.7152862548828 523.9561767578125 220.11328125 3.7803957 1.4739723 1.5965782 -5.270833 1.7003161 26.884104 0.07216739654541016 0.9645860195159912
Car 0.0 0 -2.645418882369995 288.6353759765625 176.1588134765625 478.91900634765625 244.28329467773438 4.065733 1.5028446 1.5789957 -5.389182 1.5872842 17.191095 -2.949202537536621 0.9543402791023254
Car 0.0 0 0.49998143315315247 177.20980834960938 179.35980224609375 408.557861328125 253.5217742919922 4.080842 1.4048375 1.6098858 -6.465745 1.547702 14.819872 0.08858799934387207 0.9180494546890259
Car 0.0 0 0.455892950296402 319.13726806640625 177.33184814453125 481.9288635253906 236.7876434326172 3.9782557 1.5139781 1.5591998 -5.704861 1.6431873 19.648726 0.17331957817077637 0.9079893827438354
Car 0.0 0 0.7534949779510498 0.0 200.15065002441406 247.9892578125 375.0 4.156924 1.5562972 1.69863 -6.139405 1.8629947 7.1542807 0.04429173469543457 0.8934149742126465
Car 0.0 0 0.3124808669090271 351.994140625 181.89691162109375 487.961181640625 232.8883819580078 3.778939 1.4945991 1.5445235 -5.8657303 1.7858675 22.332956 0.0556330680847168 0.8786559104919434
Car 0.0 0 3.211585283279419 525.8301391601562 172.99057006835938 573.3500366210938 192.0575714111328 3.9130716 1.5949816 1.6487639 -5.12006 1.607088 61.21772 3.1281425952911377 0.712113618850708
Car 0.0 0 -2.8652420043945312 421.4026184082031 168.61766052246094 528.9703369140625 218.28358459472656 3.967738 1.9446545 1.7524439 -5.466124 1.7791401 29.303501 -3.0496573448181152 0.4914020299911499
