Car 0.0 0 -1.7705998420715332 718.986083984375 179.53533935546875 813.199951171875 247.94467163085938 3.7314346 1.5280378 1.6014843 3.7992852 1.7156328 18.34834 -1.5664210319519043 0.997815728187561
Car 0.0 0 1.7509217262268066 465.72808837890625 180.9434051513672 523.1342163085938 221.6763916015625 3.582465 1.4861292 1.6506579 -4.5930777 1.8302488 28.85005 1.5930415391921997 0.9956199526786804
Car 0.0 0 -1.8359730243682861 743.40283203125 182.36764526367188 898.5101318359375 285.7666015625 3.9067903 1.5058354 1.6128829 3.4865437 1.7010046 12.818495 -1.570404291152954 0.9948495030403137
Car 0.0 0 1.9371528625488281 225.69419860839844 191.37132263183594 418.4360656738281 296.7152099609375 4.3382564 1.4302185 1.6620051 -4.84302 1.8130248 12.72814 1.5735715627670288 0.9941511750221252
Car 0.0 0 -1.735236406326294 697.8536376953125 177.41969299316406 767.7726440429688 227.38375854492188 3.9525747 1.4946175 1.6372985 3.9310024 1.6588668 23.920202 -1.5723541975021362 0.9919256567955017
Car 0.0 0 -2.0284008979797363 809.3499145507812 180.84800720214844 1181.7117919921875 375.0 4.1405463 1.5156585 1.6140832 3.475742 1.6233617 7.5939064 -1.5991607904434204 0.991855263710022
Car 0.0 0 1.7088813781738281 493.36590576171875 180.78973388671875 540.0599975585938 214.8895721435547 3.8881228 1.4471575 1.6291296 -4.3056445 1.8372358 33.47938 1.5809775590896606 0.9918507933616638
Car 0.0 0 2.1508593559265137 0.0 194.86233520507812 316.07269287109375 375.0 4.0023937 1.4718194 1.637626 -4.7695303 1.7625607 7.5049953 1.5847349166870117 0.9915755391120911
Car 0.0 0 -1.7274746894836426 690.4739379882812 177.50401306152344 745.7858276367188 218.73922729492188 3.5291693 1.5565506 1.6859009 4.298401 1.7578845 29.408266 -1.5823394060134888 0.8068127632141113
Car 0.0 0 0.008873773738741875 601.1602783203125 179.53277587890625 649.022705078125 195.95034790039062 4.270191 1.4472396 1.6418943 1.3483388 2.0593576 65.204765 0.029549360275268555 0.441318154335022
