Car 0.0 0 -1.7670142650604248 703.428955078125 178.3755645751953 828.7887573242188 256.3730163574219 4.2587447 1.333243 1.6475716 2.9587624 1.462902 14.763138 -1.5692192316055298 0.9920267462730408
Car 0.0 0 1.785152554512024 437.7071838378906 181.57630920410156 496.7364807128906 219.3195037841797 3.846249 1.4393692 1.6539649 -5.9694543 1.8300846 30.349487 1.590941309928894 0.9894378185272217
Car 0.0 0 2.2315268516540527 0.0 207.05491638183594 216.1119384765625 375.0 3.5549033 1.4643887 1.590716 -6.1037807 1.9210491 7.8461046 1.5703840255737305 0.986809253692627
Car 0.0 0 1.7600092887878418 485.6114807128906 178.91015625 525.31005859375 207.0896453857422 3.4838164 1.485395 1.5834538 -5.866611 1.8412089 40.570545 1.61640202999115 0.9849588871002197
Car 0.0 0 1.895141363143921 321.5231018066406 181.92051696777344 433.9105529785156 248.92979431152344 4.015574 1.550438 1.6484057 -6.094554 1.818271 19.261389 1.5886956453323364 0.9820045828819275
Car 0.0 0 1.7409536838531494 467.5265197753906 180.3160400390625 512.7793579101562 213.21141052246094 3.6239152 1.5099951 1.6228837 -5.921365 1.8989859 35.759083 1.5768523216247559 0.9690265655517578
Car 0.0 0 2.6038784980773926 871.7500610351562 147.21307373046875 1083.4864501953125 223.03451538085938 4.1005425 1.6571109 1.6888684 8.389307 1.0970752 16.759726 3.067976713180542 0.9480233192443848
Car 0.0 0 1.792991280555725 519.8072509765625 178.64768981933594 551.327392578125 199.37396240234375 3.557928 1.4650165 1.5990772 -5.5510387 1.913148 53.900845 1.6903669834136963 0.7803298234939575
Car 0.0 0 1.986474633216858 238.7750701904297 195.8385467529297 381.1513977050781 279.10162353515625 3.3835478 1.462412 1.5449146 -6.260906 2.0056999 15.328393 1.5987037420272827 0.7357116937637329
Car 0.0 0 -0.6295619606971741 1015.4893798828125 142.63182067871094 1242.0 267.8014831542969 4.0871267 1.6605104 1.587343 8.3239355 1.2599384 10.450144 0.04306435585021973 0.5289706587791443
Car 0.0 0 1.7081429958343506 497.5115661621094 178.0545654296875 532.7510375976562 203.73756408691406 4.0869884 1.5481021 1.7029305 -6.078787 1.8974605 46.36898 1.577790379524231 0.44149261713027954
Car 0.0 0 -2.309523344039917 127.80096435546875 182.54579162597656 269.26422119140625 232.6759796142578 3.814045 1.3859472 1.5404966 -12.451394 1.6965526 21.775208 -2.82896089553833 0.41795414686203003
Car 0.0 0 -1.5943222045898438 657.0907592773438 167.6004638671875 688.0145263671875 197.75535583496094 4.118755 1.7005118 1.720954 3.631379 1.4046096 42.794716 -1.5096691846847534 0.3328878879547119
Car 0.0 0 0.5925452709197998 44.77717590332031 181.6536407470703 205.13864135742188 235.24830627441406 3.2460008 1.3626298 1.590338 -13.005113 1.6093909 19.402863 0.0020537376403808594 0.30647343397140503
