Car 0.0 0 -2.0073907375335693 768.5050659179688 194.52957153320312 1151.7110595703125 375.0 4.1083694 1.4289246 1.6508764 2.898914 1.708133 7.184563 -1.6238775253295898 0.9953815937042236
Car 0.0 0 -1.7080305814743042 655.328857421875 178.53553771972656 715.5162963867188 225.0947265625 4.100725 1.5477041 1.6383072 2.6498594 1.7736776 26.569836 -1.608627438545227 0.9783081412315369
Car 0.0 0 -2.782658100128174 316.41253662109375 180.41458129882812 456.7895202636719 235.0973358154297 3.639904 1.5299984 1.5902961 -6.5872107 1.7634135 21.336912 -3.082098960876465 0.9327296614646912
Car 0.0 0 -1.5996651649475098 634.665283203125 182.85040283203125 659.1583862304688 206.2534637451172 4.035998 1.4908315 1.5626559 2.480317 2.2084146 49.73245 -1.5498332977294922 0.8862331509590149
Car 0.0 0 -1.6356004476547241 645.0501708984375 181.36248779296875 681.962646484375 212.1199951171875 3.8123994 1.4725128 1.6597322 2.6959925 1.9377782 37.51051 -1.5638508796691895 0.8514825105667114
Car 0.0 0 -2.7548086643218994 358.7250061035156 185.11322021484375 493.974853515625 231.64476013183594 4.0420995 1.4350759 1.5691055 -6.07211 1.8587855 23.860018 -3.0040078163146973 0.753917932510376
Car 0.0 0 0.0865294337272644 454.0101013183594 180.07737731933594 532.0869140625 207.83148193359375 4.1565075 1.4854999 1.7610009 -6.4933023 1.8984967 40.18434 -0.07367368042469025 0.5943582057952881
Car 0.0 0 -2.3927860260009766 0.0 171.053466796875 324.270263671875 303.7608337402344 3.8865716 1.6780471 1.599347 -6.3492236 1.6556376 10.283112 -2.9459316730499268 0.5458314418792725
Car 0.0 0 -2.873786449432373 418.0190124511719 175.9586639404297 513.9674682617188 210.44248962402344 4.0288343 1.5282933 1.6373341 -6.6030397 1.6752466 33.107334 -3.0706467628479004 0.5111917853355408
Car 0.0 0 0.3439406752586365 227.2457733154297 190.8925323486328 441.1567687988281 264.0115661621094 4.000642 1.448108 1.5757307 -5.859948 1.8569641 15.51495 -0.017192263156175613 0.4589189887046814
Car 0.0 0 -1.528804063796997 753.2890625 189.63926696777344 863.2427368164062 288.7735900878906 4.048704 1.4268253 1.6735852 3.6752522 1.7875565 13.305009 -1.259294033050537 0.32545045018196106
Car 0.0 0 -1.6015063524246216 630.3358154296875 177.48837280273438 650.443603515625 195.42987060546875 3.956164 1.437257 1.5668614 2.5109541 1.8409711 60.810593 -1.5602383613586426 0.32491710782051086
