Car 0.0 0 -1.7387051582336426 682.6251831054688 180.2871551513672 793.4596557617188 264.35986328125 4.0431924 1.5220351 1.6334006 2.5357583 1.7023907 15.443836 -1.5759649276733398 0.9993614554405212
Car 0.0 0 -1.6276698112487793 651.5821533203125 179.72305297851562 692.919677734375 217.71319580078125 3.5591943 1.4868603 1.5393398 2.55509 1.7965088 30.686588 -1.5445973873138428 0.9875085949897766
Car 0.0 0 3.482985496520996 232.1102294921875 186.60989379882812 424.1214599609375 250.28199768066406 4.102325 1.4547145 1.5360554 -6.8412127 1.8076234 17.664213 3.1134817600250244 0.9761943817138672
Car 0.0 0 -2.5652709007263184 0.0 189.10916137695312 321.4998779296875 307.6600341796875 3.8639889 1.4706812 1.6708733 -6.3377833 1.7168288 10.045972 -3.1280858516693115 0.9603942632675171
Car 0.0 0 3.2737622261047363 419.3345947265625 180.8084259033203 508.09326171875 216.49195861816406 3.9094026 1.6103662 1.6481942 -6.861786 1.9954162 33.938534 3.0742688179016113 0.9567160606384277
Car 0.0 0 -2.584972381591797 135.58335876464844 186.69357299804688 390.3537292480469 284.0018005371094 3.773194 1.5333605 1.5450706 -6.0256696 1.7946157 12.622201 -3.0303661823272705 0.8725358843803406
Car 0.0 0 -1.6407912969589233 643.8665161132812 176.78427124023438 683.615966796875 212.71392822265625 3.8889558 1.6695484 1.6925167 2.582327 1.8760542 35.8968 -1.5689774751663208 0.855991780757904
Car 0.0 0 3.114800214767456 466.3968200683594 182.98951721191406 534.9596557617188 210.63011169433594 3.8250716 1.5135965 1.6474984 -6.33043 2.1131167 41.501396 2.9634315967559814 0.5791992545127869
Car 0.0 0 -2.753105401992798 352.2525329589844 179.6297149658203 481.17486572265625 231.76829528808594 3.6890159 1.6041138 1.7301571 -6.3049397 1.8361096 23.572105 -3.0144619941711426 0.4962192475795746
Car 0.0 0 -2.641475200653076 176.01690673828125 186.230224609375 381.2508850097656 259.60552978515625 3.638048 1.4201279 1.5305843 -6.9339156 1.7185456 15.181521 -3.0699148178100586 0.40015625953674316
