Pedestrian 0.0 0 0.9621426463127136 281.17340087890625 160.56256103515625 342.7572937011719 269.580078125 0.67512196 1.7145247 0.664373 -4.926244 1.5215743 11.806413 0.5668532848358154 0.30629125237464905
Car 0.0 0 -1.950718879699707 746.521240234375 159.023193359375 1083.2630615234375 372.1573181152344 4.3093863 1.6656308 1.6842918 2.7576482 1.5579019 7.823456 -1.6118322610855103 0.991536021232605
Car 0.0 0 -1.7961316108703613 705.3206176757812 182.45904541015625 843.9244995117188 271.86334228515625 3.8361664 1.3621974 1.6240538 2.8092976 1.5658704 13.338234 -1.588545799255371 0.9913331866264343
Car 0.0 0 -1.7093532085418701 684.547607421875 173.9814453125 769.4968872070312 238.11459350585938 3.984785 1.487614 1.616805 2.8844445 1.5204942 18.807487 -1.557172179222107 0.9810585975646973
Car 0.0 0 -1.6831915378570557 652.4606323242188 170.7318115234375 701.359619140625 207.2283477783203 3.9873812 1.458356 1.6289653 2.7523363 1.373914 30.841185 -1.5941851139068604 0.9765229821205139
Car 0.0 0 -2.3200767040252686 0.0 174.51768493652344 223.88941955566406 343.25750732421875 4.0926957 1.494945 1.6333913 -6.476443 1.5148236 7.4366546 -3.036569118499756 0.9689178466796875
Car 0.0 0 -2.5843024253845215 83.18496704101562 177.01876831054688 382.59942626953125 271.30267333984375 4.2778926 1.458121 1.6627392 -6.3181577 1.5349619 12.246151 -3.060612678527832 0.9603661298751831
Car 0.0 0 3.3066978454589844 392.9633483886719 175.2333526611328 497.9232482910156 213.71360778808594 3.9078557 1.4930484 1.5843366 -6.5930533 1.5920626 29.009882 3.0832245349884033 0.9506674408912659
Car 0.0 0 -2.6805083751678467 182.24705505371094 164.81195068359375 421.8010559082031 254.56826782226562 4.123984 1.6837986 1.6429827 -6.117341 1.5332903 14.4794235 -3.080246925354004 0.9434323310852051
Car 0.0 0 -2.8250365257263184 320.4242858886719 170.43695068359375 472.69635009765625 226.04940795898438 4.018218 1.5799571 1.6302576 -6.2901297 1.5116463 21.371895 -3.111272096633911 0.9378237128257751
Car 0.0 0 0.5687089562416077 0.0 175.65573120117188 315.1603698730469 292.13623046875 4.053304 1.4673631 1.6334248 -6.484965 1.509646 9.96066 -0.008409502916038036 0.9315428733825684
Car 0.0 0 -2.897622585296631 432.9853210449219 165.78237915039062 524.000244140625 203.049560546875 3.9363887 1.7129292 1.7373098 -6.2176695 1.3882513 34.154186 -3.07769775390625 0.8838184475898743
Car 0.0 0 -1.583208441734314 642.21728515625 165.023193359375 672.6786499023438 195.76258850097656 3.790613 1.6920339 1.6750488 2.6761634 1.2613492 41.650024 -1.5190430879592896 0.8323400020599365
Car 0.0 0 -2.5133719444274902 283.38104248046875 172.23770141601562 448.522216796875 237.10781860351562 3.8624773 1.5816212 1.6780533 -6.436991 1.5669532 18.963156 -2.8406147956848145 0.8075616359710693
