Car 0.0 0 -1.961459994316101 753.8284912109375 186.07513427734375 1108.0355224609375 375.0 4.279856 1.4385537 1.6643393 2.7796311 1.6167587 7.533791 -1.6079994440078735 0.9974120259284973
Car 0.0 0 -1.7423697710037231 697.7062377929688 181.05856323242188 789.9940185546875 247.6142578125 4.055001 1.4604812 1.6032747 3.2280514 1.6927217 18.360327 -1.5683318376541138 0.9956804513931274
Car 0.0 0 -2.5865883827209473 110.63712310791016 187.1315460205078 396.47796630859375 281.9029541015625 3.9120986 1.3694179 1.591793 -5.72052 1.6210842 11.709266 -3.0410313606262207 0.9879459142684937
Car 0.0 0 -1.6989550590515137 657.1505737304688 176.11940002441406 696.7774658203125 206.7535400390625 3.8112085 1.5053519 1.5825886 3.4201438 1.6855439 37.799973 -1.6087206602096558 0.9858168363571167
Car 0.0 0 3.488978862762451 180.55850219726562 180.4204559326172 403.1635437011719 262.2414855957031 3.702973 1.4927735 1.5739655 -6.1873746 1.6518342 14.229591 3.0788164138793945 0.935011088848114
Car 0.0 0 0.1935693621635437 334.4637756347656 176.79603576660156 478.1327209472656 232.93731689453125 3.8411005 1.5735728 1.6604992 -5.9742866 1.6958815 21.338709 -0.07941535115242004 0.9181972742080688
Car 0.0 0 -2.928244113922119 447.10260009765625 176.0643768310547 541.5048828125 209.79087829589844 4.3193946 1.6008328 1.6423978 -5.6628423 1.7627107 35.3614 -3.0870378017425537 0.869354784488678
Car 0.0 0 0.34637197852134705 227.62461853027344 159.46102905273438 428.3296813964844 246.9426727294922 3.9943283 1.9125861 1.6279868 -6.4317565 1.6201375 16.631031 -0.0226446446031332 0.6434658169746399
Car 0.0 0 -2.9997897148132324 480.0925598144531 172.43170166015625 548.6409912109375 197.64688110351562 4.0117702 1.5298175 1.6349392 -5.907895 1.5045546 44.61109 -3.1314547061920166 0.5477508902549744
Car 0.0 0 -1.4999909400939941 687.8646240234375 178.3197479248047 745.5521240234375 229.0105438232422 3.5703118 1.5711159 1.70518 3.6713803 1.77323 24.703783 -1.352454662322998 0.39980146288871765
Car 0.0 0 3.3123059272766113 374.40753173828125 184.3888702392578 489.30523681640625 231.1298828125 3.4874005 1.4636493 1.548693 -5.882397 1.8608879 23.928226 3.0712509155273438 0.3594081699848175
