Car 0.0 0 -1.6472430229187012 644.0684204101562 181.0780792236328 688.5123291015625 220.64561462402344 3.8586328 1.5535239 1.6032759 2.323095 1.9299421 31.060045 -1.572588324546814 0.9967259168624878
Car 0.0 0 -1.7984675168991089 670.1176147460938 184.41448974609375 748.1528930664062 239.67111206054688 3.4407856 1.4538199 1.5486006 2.821399 1.8275987 21.516537 -1.6680843830108643 0.996539831161499
Car 0.0 0 3.629253387451172 66.62800598144531 190.39845275878906 349.10528564453125 285.7757263183594 4.0474176 1.5193436 1.5878743 -6.9242396 1.8465519 12.616652 3.1273183822631836 0.975371241569519
Car 0.0 0 0.2717115581035614 340.03375244140625 186.34622192382812 475.2906188964844 231.80633544921875 4.1258464 1.4546087 1.5538342 -6.79414 1.9244285 24.324877 -0.0006556201260536909 0.966612696647644
Car 0.0 0 -2.771758556365967 240.49093627929688 185.00648498535156 435.00128173828125 252.07862854003906 4.0512285 1.5052509 1.6655442 -6.4908185 1.8124367 17.357744 -3.1296029090881348 0.9326815605163574
Car 0.0 0 0.41823044419288635 318.227783203125 186.8695526123047 449.35980224609375 237.29261779785156 3.5027323 1.4381268 1.5532161 -6.9201674 1.8864734 22.088448 0.11462283134460449 0.9256142973899841
Car 0.0 0 3.7166786193847656 0.0 197.59197998046875 284.09844970703125 316.3866271972656 3.8420293 1.4797844 1.6163138 -6.9447694 1.8588976 10.192303 3.118563175201416 0.9243996739387512
Car 0.0 0 0.24651816487312317 387.705810546875 182.4224090576172 498.4410705566406 223.71072387695312 4.109531 1.6045581 1.610734 -6.756752 2.0043929 29.275475 0.019690990447998047 0.8893394470214844
Car 0.0 0 -2.674553394317627 990.3599243164062 190.37318420410156 1242.0 355.3916931152344 3.7999308 1.4586312 1.5608658 6.86808 1.7240131 8.861482 -2.0152130126953125 0.838235080242157
Car 0.0 0 3.306730270385742 366.4538269042969 183.67233276367188 478.0085144042969 227.179931640625 3.8147368 1.5368778 1.6743611 -6.989183 1.956909 26.985567 3.0533018112182617 0.6412439942359924
Car 0.0 0 -1.5010251998901367 630.5181884765625 180.45648193359375 651.8649291992188 199.25009155273438 3.8408492 1.5021548 1.5492862 2.653684 2.1692345 61.279118 -1.4577473402023315 0.5282554626464844
Car 0.0 0 0.15404345095157623 441.4378662109375 188.50038146972656 525.5361328125 219.04637145996094 3.8066835 1.4053149 1.5732173 -6.1032023 2.179495 34.859146 -0.019281601533293724 0.47111988067626953
Car 0.0 0 -1.5633597373962402 529.7823486328125 176.4700927734375 548.13427734375 192.72882080078125 4.111443 1.4484249 1.6529553 -6.6344905 1.7969276 67.34235 -1.6615617275238037 0.41652438044548035
