Car 0.0 0 2.0971248149871826 22.66520881652832 199.08724975585938 291.7826843261719 340.6747741699219 3.7684212 1.5209752 1.5339732 -6.1931887 1.9663882 10.344238 1.5576550960540771 0.9971892237663269
Car 0.0 0 1.8702776432037354 351.2633972167969 182.97618103027344 448.0635986328125 242.23609924316406 3.948556 1.5464749 1.6689656 -6.18277 1.8763613 21.496826 1.5902233123779297 0.9893693923950195
Car 0.0 0 -1.7300677299499512 690.9966430664062 179.7277069091797 790.7040405273438 246.2207794189453 4.145411 1.3440331 1.6434523 2.9069924 1.527061 17.092045 -1.561601161956787 0.9855501651763916
Car 0.0 0 1.7550729513168335 447.6532897949219 183.52755737304688 499.82379150390625 218.62252807617188 3.8230395 1.435766 1.6424836 -6.12631 1.94659 32.59223 1.569272518157959 0.9738928079605103
Car 0.0 0 1.7206752300262451 489.1357727050781 180.1548309326172 525.67822265625 206.5518798828125 3.6472838 1.4674624 1.6287444 -6.0952787 1.9209844 42.952477 1.5797089338302612 0.9517819285392761
Car 0.0 0 -0.4026390612125397 833.2389526367188 153.7656707763672 1016.8516235351562 219.3376007080078 4.114906 1.6558065 1.6856209 8.169402 1.1741508 19.064682 0.002200603485107422 0.9080293774604797
Car 0.0 0 1.9588265419006348 290.8518981933594 196.73468017578125 408.7210998535156 267.8280334472656 3.3577187 1.45831 1.55057 -6.2853503 2.0999863 17.661398 1.616922378540039 0.8103532195091248
Car 0.0 0 -3.8011512756347656 1029.9619140625 160.742431640625 1242.0 281.1292724609375 3.9516723 1.4918844 1.5849122 8.094954 1.3421503 9.79259 -3.1103756427764893 0.8095959424972534
Car 0.0 0 1.7552231550216675 476.4486083984375 181.4834442138672 518.210205078125 210.85543823242188 3.5038157 1.4371557 1.5650382 -5.939387 1.914663 38.11887 1.6006537675857544 0.7153943777084351
Car 0.0 0 1.7412519454956055 501.0600280761719 179.48245239257812 535.35009765625 204.93336486816406 3.8565865 1.6016271 1.6523794 -6.141844 2.0645702 48.389 1.615000605583191 0.6211634874343872
Car 0.0 0 1.760040283203125 522.8760375976562 177.61477661132812 553.3206787109375 197.86172485351562 3.9301667 1.4999827 1.661534 -5.610156 1.886157 56.43938 1.6609642505645752 0.4520571827888489
Car 0.0 0 -0.6310465335845947 934.720947265625 144.5944061279297 1222.7432861328125 243.52294921875 4.174794 1.6348345 1.6013209 8.168678 1.168191 12.855486 -0.0649866834282875 0.37518206238746643
