Car 0.0 0 2.0032382011413574 188.75125122070312 188.0452117919922 378.48614501953125 288.84356689453125 4.022294 1.4994634 1.6320804 -5.8383703 1.8240498 13.369534 1.591506004333496 0.9991821646690369
Car 0.0 0 -1.88055419921875 769.494873046875 185.764892578125 1026.5672607421875 347.3891906738281 3.9327776 1.4447163 1.6447915 3.0868154 1.6373705 8.754338 -1.5415613651275635 0.9972851276397705
Car 0.0 0 1.8232896327972412 403.44580078125 184.8956756591797 480.2821350097656 234.22354125976562 3.9431076 1.4820578 1.6165764 -5.6833506 1.926918 24.640066 1.5965993404388428 0.9951468110084534
Car 0.0 0 1.7492400407791138 470.6876220703125 181.04135131835938 517.3777465820312 215.0520782470703 3.8714342 1.5078822 1.5661682 -5.5823846 1.9261589 34.876976 1.5905269384384155 0.9805420637130737
Car 0.0 0 1.745234727859497 447.17999267578125 184.82418823242188 501.57452392578125 223.92015075683594 3.708364 1.4589603 1.5972188 -5.5968895 1.9867291 29.92605 1.5603466033935547 0.9654593467712402
Car 0.0 0 2.4269890785217285 1014.2171630859375 149.46542358398438 1242.0 270.7120056152344 4.0448685 1.6416774 1.6547825 8.406183 1.3253541 10.69089 3.0933165550231934 0.9054796695709229
Car 0.0 0 1.7470721006393433 491.39337158203125 181.0703582763672 532.4834594726562 209.76840209960938 4.0283027 1.4880071 1.6117834 -5.500517 1.9743252 40.626884 1.6124993562698364 0.6364448070526123
Car 0.0 0 1.6676431894302368 515.435546875 179.56858825683594 546.6598510742188 203.60321044921875 3.6147203 1.5110015 1.7334293 -5.264649 1.9767694 48.19185 1.5588310956954956 0.4479376971721649
Car 0.0 0 -0.6539667248725891 1032.8922119140625 154.58128356933594 1134.686279296875 188.9728240966797 4.0301676 1.6483283 1.6349589 23.256744 0.7729059 35.544674 -0.07457726448774338 0.3947717845439911
Car 0.0 0 0.8482224941253662 0.0 182.5378875732422 146.864013671875 255.10215759277344 3.7817698 1.4795282 1.5947118 -12.696097 1.71158 16.13492 0.18153858184814453 0.3070201873779297
