Car 0.0 0 -1.7672874927520752 708.8958129882812 184.215576171875 832.5659790039062 271.6775817871094 4.2346015 1.4884614 1.6477892 3.098654 1.7577447 14.952118 -1.5629416704177856 0.997905969619751
Car 0.0 0 0.7154645919799805 0.0 192.30552673339844 307.9095764160156 348.9900817871094 4.3738885 1.439681 1.6652844 -5.8715205 1.6789274 7.86605 0.07424688339233398 0.9937019348144531
Car 0.0 0 -1.7031077146530151 656.3853149414062 179.16348266601562 700.6988525390625 213.6834716796875 3.758355 1.5025221 1.5856022 3.135345 1.8170104 34.01076 -1.6111806631088257 0.9784281849861145
Car 0.0 0 0.4630492925643921 0.0 182.2639923095703 327.907958984375 302.4261169433594 3.8850183 1.5421926 1.6489133 -6.3714104 1.6911441 10.401846 -0.08653026819229126 0.9518216848373413
Car 0.0 0 3.407489061355591 265.82080078125 177.21279907226562 439.1153869628906 247.53427124023438 3.7228158 1.6317177 1.6828644 -6.2989783 1.7457389 17.836578 3.0680112838745117 0.850620687007904
Car 0.0 0 -2.8559885025024414 423.58880615234375 180.02706909179688 533.1546630859375 215.226806640625 4.4398403 1.4664913 1.581986 -5.7443204 1.7901001 31.493265 -3.0364036560058594 0.7005921006202698
Car 0.0 0 0.26646167039871216 399.6897888183594 176.44085693359375 505.2786560058594 216.0782928466797 3.883289 1.5459545 1.6473118 -6.370682 1.6962178 29.229233 0.05186200141906738 0.6453863382339478
Car 0.0 0 -2.20908260345459 840.8219604492188 198.99542236328125 1242.0 375.0 3.953029 1.4859494 1.6388019 2.6735706 1.6978472 3.8361244 -1.6004093885421753 0.5896650552749634
Car 0.0 0 0.3558795750141144 320.8764953613281 183.3138427734375 472.26861572265625 237.34375 3.770814 1.4214982 1.5387796 -5.9641757 1.7281177 20.225914 0.06912851333618164 0.5251038670539856
Car 0.0 0 3.2791852951049805 465.5168762207031 171.4103546142578 536.1649780273438 201.63832092285156 3.763234 1.6750178 1.6474243 -6.170402 1.5953796 40.82672 3.1291842460632324 0.49170249700546265
