Car 0.0 0 -1.6928744316101074 653.314453125 180.15695190429688 718.32421875 229.6913604736328 4.1664047 1.4795957 1.6554588 2.4127054 1.7469097 24.271025 -1.5937931537628174 0.9977442026138306
Car 0.0 0 -1.8360636234283447 699.6273193359375 183.55552673339844 825.3779907226562 267.41912841796875 3.395924 1.4343016 1.6064228 2.878744 1.6762134 14.53393 -1.640523910522461 0.992885410785675
Car 0.0 0 -2.739699363708496 227.2987060546875 180.3723602294922 425.72589111328125 246.08181762695312 4.176757 1.4947792 1.6169361 -6.8160834 1.6863952 17.481321 -3.1114742755889893 0.9925073981285095
Car 0.0 0 0.5253274440765381 12.892155647277832 190.74258422851562 337.71746826171875 302.13427734375 3.7791054 1.4619513 1.6019897 -6.224295 1.7440392 10.544969 -0.007901043631136417 0.9902536273002625
Car 0.0 0 -2.801792621612549 279.35888671875 176.16595458984375 445.4627990722656 234.18423461914062 4.0636787 1.5402346 1.6304247 -6.8495216 1.6366471 20.085678 -3.1304409503936768 0.967220664024353
Car 0.0 0 -2.908782958984375 386.83245849609375 185.74598693847656 500.9741516113281 227.3257293701172 4.0632343 1.5379081 1.5564787 -6.4214067 2.052212 27.969017 -3.1344618797302246 0.9639616012573242
Car 0.0 0 0.3648030757904053 317.2198181152344 178.4725341796875 461.802734375 231.90223693847656 3.9946952 1.5793453 1.6096786 -6.844898 1.7619739 22.463953 0.06903457641601562 0.8629833459854126
Car 0.0 0 0.42771682143211365 175.24551391601562 184.37879943847656 386.54693603515625 260.1484680175781 3.70074 1.4804715 1.6275265 -6.8505917 1.7361959 15.165012 0.003419637680053711 0.8575922250747681
Car 0.0 0 -1.6107802391052246 630.5765991210938 177.60525512695312 654.8323364257812 199.58441162109375 3.9715545 1.5715113 1.6640596 2.4074864 1.9434457 54.43658 -1.566583514213562 0.5333421230316162
Car 0.0 0 -2.7648162841796875 433.51458740234375 179.71864318847656 518.69189453125 210.18789672851562 4.1046724 1.5386454 1.6794748 -7.100476 1.9140478 38.20018 -2.948594331741333 0.46660906076431274
Car 0.0 0 -1.5897386074066162 647.4764404296875 177.0885467529297 683.0906372070312 214.8540802001953 3.555472 1.7126837 1.6330179 2.5994256 1.9288397 34.94763 -1.515494704246521 0.42244753241539
Car 0.0 0 1.7408275604248047 521.1551513671875 175.0579376220703 548.1448364257812 193.8237762451172 3.7904139 1.5011526 1.620262 -6.267078 1.6910858 60.11723 1.6369551420211792 0.36127108335494995
Car 0.0 0 -2.7848801612854004 412.1203918457031 178.61402893066406 506.1455993652344 215.2964324951172 3.570325 1.4802402 1.5535454 -6.380987 1.7321576 30.473831 -2.991290330886841 0.34418678283691406
