Car 0.0 0 -1.7088996171951294 668.9777221679688 180.526123046875 745.0331420898438 240.31715393066406 3.7710905 1.4998513 1.6089004 2.6072364 1.7381251 20.47781 -1.5822608470916748 0.9980663657188416
Car 0.0 0 -1.8886075019836426 724.8733520507812 184.13900756835938 941.3779907226562 325.8489074707031 3.846554 1.4664885 1.566984 2.6753204 1.6498145 9.736027 -1.6204406023025513 0.9964196681976318
Car 0.0 0 -2.6832528114318848 125.88710021972656 168.05247497558594 390.18963623046875 278.08087158203125 3.9534967 1.8587757 1.716219 -6.2733727 1.7780186 13.065856 -3.1308822631835938 0.9705528020858765
Car 0.0 0 -1.6297298669815063 644.652587890625 179.3916778564453 682.2276000976562 213.87498474121094 3.7966356 1.5859447 1.6280231 2.565074 1.9281213 35.814007 -1.558229923248291 0.9705286622047424
Car 0.0 0 0.2911441922187805 312.3603820800781 178.40887451171875 471.5566101074219 240.00660705566406 4.0729284 1.6888896 1.7051934 -6.2356267 1.8558728 20.787468 -0.00028550601564347744 0.9655364751815796
Car 0.0 0 3.277127742767334 480.4349670410156 179.35311889648438 541.8232421875 203.06373596191406 3.7640913 1.499261 1.6777159 -6.425411 1.9298458 46.921604 3.1410348415374756 0.9570898413658142
Car 0.0 0 -1.696090817451477 628.6214599609375 179.78335571289062 659.9468383789062 204.96998596191406 4.1371484 1.6167028 1.6391653 2.2844317 2.1139398 49.60928 -1.65007483959198 0.9296148419380188
Car 0.0 0 -1.6858247518539429 653.0941772460938 180.21743774414062 710.5980834960938 227.23822021484375 4.0587034 1.5564977 1.6319922 2.521946 1.848892 26.568075 -1.591184377670288 0.9231019616127014
Car 0.0 0 -2.77531099319458 263.31622314453125 186.22418212890625 437.6925048828125 248.12461853027344 3.8141062 1.456061 1.6052512 -6.4970393 1.8090657 18.181805 -3.1185073852539062 0.9085612297058105
Car 0.0 0 -2.352118968963623 0.0 185.3517303466797 275.1205139160156 351.1479187011719 4.1736183 1.6067646 1.6349903 -6.3069453 1.7690059 8.249077 -3.004875898361206 0.8950130343437195
Car 0.0 0 -2.683467388153076 210.06982421875 190.54931640625 421.84295654296875 267.7782287597656 3.9705508 1.5261017 1.5263836 -6.309215 1.9307845 15.577325 -3.068298578262329 0.5188063979148865
Car 0.0 0 -0.019718021154403687 480.4366760253906 180.6243133544922 546.0531616210938 206.4032440185547 3.9333322 1.523894 1.644974 -5.9955816 2.0148149 44.435978 -0.15383435785770416 0.376144140958786
