Car 0.0 0 -1.7025281190872192 670.174560546875 183.0052032470703 739.5917358398438 237.1806182861328 3.7268884 1.4252498 1.5558426 2.698014 1.755109 21.548891 -1.5779719352722168 0.9948220252990723
Car 0.0 0 -1.9388089179992676 766.9127197265625 174.4992218017578 1054.812744140625 366.91571044921875 3.453545 1.586731 1.5901431 2.8222904 1.6086603 7.7174144 -1.5882128477096558 0.9936988353729248
Car 0.0 0 0.3650911748409271 287.6571960449219 179.49729919433594 473.6205139160156 238.2389373779297 4.3962717 1.456257 1.5820987 -6.007597 1.6401522 19.012115 0.05903196334838867 0.9852697253227234
Car 0.0 0 0.35728898644447327 341.1882629394531 174.6226043701172 486.2244873046875 225.40179443359375 4.3559537 1.6144602 1.6679112 -6.5228877 1.6762807 24.040709 0.09234094619750977 0.9840572476387024
Car 0.0 0 -1.6577965021133423 633.2025146484375 179.27279663085938 658.8176879882812 202.2304229736328 4.086226 1.6492497 1.5965632 2.6862576 2.1579025 55.06261 -1.609049677848816 0.9531681537628174
Car 0.0 0 0.3767993152141571 314.543701171875 181.082275390625 460.1449279785156 232.48167419433594 3.8410046 1.4425344 1.5430467 -6.607538 1.6981376 21.460653 0.07811903953552246 0.8963103294372559
Car 0.0 0 -2.817805290222168 393.56170654296875 177.25701904296875 504.5194396972656 215.2404022216797 4.0131745 1.4544332 1.6865638 -6.4451165 1.6376611 28.9168 -3.0371055603027344 0.8580894470214844
Car 0.0 0 0.39838707447052 250.00369262695312 182.9169158935547 439.60968017578125 249.50868225097656 3.7985222 1.4426734 1.6914418 -6.144534 1.6911299 16.849386 0.04869985580444336 0.7914243340492249
Car 0.0 0 0.5423191785812378 7.60645055770874 151.5150146484375 321.8540954589844 278.76873779296875 3.9093342 1.8488035 1.6462888 -6.852707 1.5391382 11.308129 -0.0024991484824568033 0.7569465637207031
Car 0.0 0 -2.7151191234588623 377.7227478027344 177.87315368652344 481.99334716796875 220.1571044921875 3.375151 1.4747472 1.5499161 -6.6229887 1.6667608 26.482424 -2.9601824283599854 0.7461113333702087
Car 0.0 0 -2.497483491897583 153.77098083496094 187.00527954101562 375.8674011230469 266.57891845703125 3.7715414 1.3993496 1.5583023 -6.7973976 1.7010258 14.225242 -2.943246841430664 0.6969158053398132
Car 0.0 0 3.2800605297088623 437.70623779296875 180.0438232421875 520.7913208007812 212.33230590820312 3.8527155 1.5386766 1.6629765 -6.4545465 1.9037999 35.694775 3.1011674404144287 0.6841139197349548
Car 0.0 0 3.736603260040283 0.0 186.3561553955078 312.10455322265625 325.6382141113281 4.0779815 1.5604712 1.684487 -6.1962533 1.7469382 9.09417 3.1385085582733154 0.5337408781051636
Car 0.0 0 3.2235138416290283 449.1878662109375 177.92303466796875 522.3189697265625 210.5581512451172 3.6862843 1.6660451 1.6443306 -6.551205 1.9411125 38.118587 3.0533127784729004 0.525898277759552
Car 0.0 0 -2.969372510910034 489.4279479980469 176.39498901367188 548.054443359375 200.69491577148438 3.7727935 1.6324465 1.6785287 -6.2809258 1.8810958 49.665222 -3.095170021057129 0.4677806794643402
Car 0.0 0 -3.2723217010498047 677.328857421875 176.64830017089844 744.5955200195312 205.28662109375 3.687064 1.6210488 1.5824584 5.785359 1.8457495 41.855644 -3.134970188140869 0.4646734595298767
Car 0.0 0 -2.110869884490967 0.0 201.95309448242188 200.99673461914062 375.0 3.852193 1.4341393 1.7076654 -6.0578666 1.7573531 6.632839 -2.850992441177368 0.44053521752357483
Car 0.0 0 -0.16169987618923187 714.0099487304688 176.43495178222656 828.11474609375 220.6837158203125 3.8613405 1.5597752 1.778347 5.812565 1.6969979 26.58327 0.05356717109680176 0.34882107377052307
Car 0.0 0 0.7968176603317261 539.4945068359375 176.69378662109375 584.73388671875 196.11558532714844 3.5903697 1.5047317 1.5973562 -3.9190326 1.8254285 58.40024 0.7298116683959961 0.345303475856781
