Pedestrian 0.0 0 -2.177729845046997 1010.9141845703125 126.88253784179688 1139.2164306640625 328.17718505859375 0.8326567 1.784918 0.6511632 4.3950686 1.3019959 6.793754 -1.6035174131393433 0.8645605444908142
Pedestrian 0.0 0 -2.124826431274414 927.4891967773438 145.87940979003906 1087.7191162109375 374.0 0.7057792 1.73527 0.67488885 2.6747878 1.5125833 4.8869863 -1.6240365505218506 0.8311418294906616
Pedestrian 0.0 0 -2.934666633605957 467.6986389160156 167.16897583007812 511.7793884277344 259.4217224121094 0.72348005 1.7001565 0.55640495 -2.1366098 1.4373097 13.531864 -3.091268539428711 0.7224177718162537
Pedestrian 0.0 0 1.5374778509140015 673.7024536132812 164.80386352539062 696.833251953125 228.29112243652344 0.9242901 1.7086 0.6002332 2.274019 1.2604268 19.81446 1.6517435312271118 0.519424319267273
Pedestrian 0.0 0 1.4958031177520752 706.737060546875 156.4854736328125 728.11376953125 216.55052185058594 0.75158304 1.7838421 0.58156633 3.475071 1.0420755 21.729618 1.6543835401535034 0.5051926374435425
Pedestrian 0.0 0 1.4359138011932373 688.642578125 157.9304656982422 710.8004150390625 218.8916778564453 0.7354288 1.8002957 0.5637265 2.918896 1.1053736 21.578966 1.5703635215759277 0.378977507352829
Pedestrian 0.0 0 -1.3766320943832397 612.4725341796875 163.17222595214844 635.7655029296875 215.39825439453125 1.2278311 1.8335091 0.6157343 0.803952 1.191134 25.883284 -1.3455814123153687 0.3653527498245239
Pedestrian 0.0 0 1.2011196613311768 460.6846618652344 159.6558380126953 491.3888244628906 230.2909698486328 0.7437296 1.7906716 0.55344015 -3.2958379 1.2380806 18.669321 1.0263824462890625 0.3379330337047577
Pedestrian 0.0 0 -0.8165416121482849 627.6488647460938 162.73825073242188 666.630615234375 230.4635772705078 0.83477706 1.728646 0.61678 1.1684048 1.2509426 18.84302 -0.7546135783195496 0.328191339969635
Cyclist 0.0 0 -1.873663306236267 577.1640625 160.16555786132812 618.2581176757812 240.101318359375 1.6263021 1.8758465 0.5470337 -0.14555748 1.3763962 17.712343 -1.8818809986114502 0.6546185612678528
