Cyclist 0.0 0 -1.590710163116455 773.70947265625 167.4798583984375 812.37109375 275.1435852050781 1.5807499 1.7315532 0.6050943 3.0816486 1.6454787 12.439436 -1.3478670120239258 0.7585526704788208
Cyclist 0.0 0 -1.4330042600631714 800.3236083984375 165.26150512695312 867.411376953125 314.9736022949219 1.2846457 1.7444363 0.64443016 2.7978337 1.6563268 9.122864 -1.1354269981384277 0.4064299762248993
Car 0.0 0 2.010806083679199 141.48074340820312 193.1626739501953 430.7532653808594 367.2279052734375 3.5820339 1.4306034 1.5381813 -3.3766804 1.7126698 8.179751 1.6193058490753174 0.9980046153068542
Car 0.0 0 1.8584131002426147 577.1874389648438 182.06602478027344 636.7593383789062 220.3560333251953 3.8398862 1.5261467 1.6031284 -0.107096426 1.9591734 31.818604 1.8550472259521484 0.8971046805381775
Car 0.0 0 -2.835496664047241 366.8676452636719 176.1609649658203 475.8189697265625 214.05979919433594 3.7037497 1.3784806 1.4798225 -7.1120872 1.5074185 27.219257 -3.091071605682373 0.8949248194694519
Car 0.0 0 -1.5889414548873901 760.3697509765625 178.59750366210938 789.7818603515625 206.0017852783203 3.7248769 1.5316489 1.639044 9.798401 1.8913441 43.149258 -1.3656466007232666 0.7546255588531494
Car 0.0 0 -2.2583110332489014 297.2212219238281 177.6982879638672 438.1508483886719 246.267333984375 3.5766141 1.6439625 1.6492243 -6.5115986 1.7841004 19.17276 -2.5857157707214355 0.5071507692337036
Car 0.0 0 1.5784560441970825 666.2797241210938 180.30789184570312 691.1879272460938 203.08941650390625 3.6606681 1.4552575 1.629554 4.6717615 1.983969 49.238083 1.6730538606643677 0.4683118462562561
Car 0.0 0 1.6966924667358398 610.27294921875 179.0372314453125 652.2073974609375 212.72703552246094 3.6610181 1.5514734 1.6382967 1.066952 1.8758382 35.871086 1.7264277935028076 0.4392927587032318
Car 0.0 0 1.693164348602295 641.7474975585938 180.33404541015625 675.3189086914062 205.31219482421875 3.988597 1.436381 1.6093886 3.0274732 1.923739 44.863846 1.7605435848236084 0.3320572078227997
