Car 0.0 0 -1.7065621614456177 624.901123046875 176.0963897705078 665.3825073242188 206.79258728027344 3.5320776 1.495714 1.6219155 1.7360368 1.67226 37.373417 -1.6601444482803345 0.9892503023147583
Car 0.0 0 -2.368060350418091 737.7764892578125 175.76947021484375 844.9447631835938 222.0909423828125 3.5535781 1.4671564 1.5039085 6.1565037 1.5762303 24.996813 -2.126574993133545 0.9874847531318665
Car 0.0 0 0.7317160367965698 0.0 182.19100952148438 274.80084228515625 311.5314025878906 3.8901095 1.4301753 1.7062029 -6.643117 1.5629921 9.180474 0.1053171157836914 0.9443284273147583
Car 0.0 0 0.12585002183914185 392.6260681152344 174.9845428466797 495.14007568359375 212.2487030029297 4.3487434 1.6282926 1.7280768 -7.4980216 1.728461 32.724033 -0.09939086437225342 0.9067800045013428
Car 0.0 0 -1.675073266029358 608.9058227539062 170.87611389160156 639.7515258789062 195.31617736816406 3.655381 1.5201224 1.6200564 0.8600322 1.3974597 46.76588 -1.65668523311615 0.8851006031036377
Car 0.0 0 -2.6557211875915527 254.10101318359375 171.89340209960938 429.79583740234375 231.4476318359375 3.856456 1.412734 1.5688213 -6.725776 1.390305 18.142754 -3.0107290744781494 0.6792532801628113
Car 0.0 0 -2.7259714603424072 430.2425842285156 176.5391387939453 510.1082458496094 205.45416259765625 3.9596257 1.5322146 1.7573756 -7.7369976 1.7427778 39.858463 -2.917698860168457 0.5766879320144653
Car 0.0 0 0.47175222635269165 215.62478637695312 170.82862854003906 401.7981872558594 241.3236541748047 3.5070546 1.4934094 1.6353453 -6.74262 1.4508606 16.234755 0.0781090259552002 0.4516720175743103
Car 0.0 0 0.7687007188796997 85.00639343261719 193.19451904296875 358.1496276855469 295.35546875 3.9732845 1.4250768 1.5898545 -6.4085846 1.7972679 11.884191 0.27414608001708984 0.4326978325843811
Car 0.0 0 -2.296051263809204 0.0 193.0650634765625 263.76629638671875 375.0 4.152608 1.5036951 1.6204926 -5.7034845 1.723635 6.7382474 -2.998471736907959 0.3058633804321289
