Car 0.0 0 -1.8256747722625732 699.1448974609375 174.06590270996094 836.3446044921875 272.7765808105469 3.601131 1.6102042 1.6332453 2.767751 1.636597 13.655144 -1.625694751739502 0.9944595098495483
Car 0.0 0 -1.7207989692687988 652.4161376953125 176.26918029785156 709.13525390625 219.30189514160156 3.6691706 1.5004072 1.5917597 2.567604 1.6390146 27.329191 -1.6271229982376099 0.9931560158729553
Car 0.0 0 0.5456165075302124 107.75204467773438 178.0998077392578 389.92474365234375 278.4508056640625 4.054055 1.5607116 1.6239599 -6.0888696 1.6577004 12.305112 0.08611798286437988 0.9865896701812744
Car 0.0 0 -1.5992999076843262 627.8584594726562 174.1789093017578 649.0996704101562 193.11898803710938 3.8484297 1.5447471 1.6813673 2.3586895 1.6607572 61.048626 -1.5606828927993774 0.966704249382019
Car 0.0 0 -2.7903566360473633 336.4435729980469 175.66151428222656 478.85186767578125 224.7057647705078 4.0071616 1.4727718 1.6311998 -6.3610296 1.5654209 22.746021 -3.063045024871826 0.9635213613510132
Car 0.0 0 0.3857608437538147 181.30020141601562 176.42051696777344 423.91204833984375 253.15115356445312 4.353231 1.4979444 1.6144112 -6.299565 1.5765483 14.993895 -0.011987841688096523 0.9524611234664917
Car 0.0 0 -2.1271419525146484 814.7130737304688 197.76934814453125 1242.0 375.0 4.235846 1.4122776 1.6520262 2.7330077 1.6467302 4.6394105 -1.5947868824005127 0.9409980177879333
Car 0.0 0 3.3781208992004395 366.87982177734375 174.49871826171875 494.94024658203125 219.385986328125 4.0298615 1.5002338 1.6821346 -6.1815786 1.5595907 25.027504 3.1359758377075195 0.931573212146759
Car 0.0 0 -3.2918598651885986 698.6109008789062 171.21124267578125 800.5977783203125 205.7831268310547 4.2959023 1.5098063 1.6485609 6.1678004 1.438423 32.412712 -3.103818416595459 0.6469258666038513
Car 0.0 0 -2.9005768299102783 504.38922119140625 172.1678466796875 559.9312744140625 190.83084106445312 4.173438 1.4697602 1.5837562 -6.249688 1.4160814 57.88279 -3.008131504058838 0.460744172334671
Car 0.0 0 0.6405503749847412 297.03192138671875 176.0062255859375 438.9130554199219 232.95933532714844 3.5302835 1.470209 1.510963 -6.750263 1.5636128 20.029314 0.31548619270324707 0.3494371771812439
Car 0.0 0 0.4410255551338196 386.13690185546875 172.93496704101562 495.44549560546875 214.2416534423828 3.7603073 1.5159497 1.5900522 -6.499125 1.5195425 27.651981 0.21018242835998535 0.33817875385284424
Car 0.0 0 -2.7529821395874023 224.8308868408203 163.79078674316406 413.9993896484375 241.89321899414062 3.8743598 1.7811792 1.6365331 -6.907312 1.5748446 17.287077 -3.133113384246826 0.33758533000946045
