Car 0.0 0 2.1024560928344727 53.339962005615234 197.71974182128906 326.00244140625 325.28607177734375 4.162184 1.4114301 1.6121954 -6.0171084 1.8600591 10.902522 1.598154902458191 0.9977104663848877
Car 0.0 0 -1.917325496673584 759.1143188476562 179.60433959960938 1024.68212890625 348.2774963378906 3.9337187 1.5503662 1.6376251 3.0122402 1.6512884 8.767105 -1.586377501487732 0.997490406036377
Car 0.0 0 1.8860559463500977 317.559326171875 181.33045959472656 435.9427185058594 249.26271057128906 4.4944396 1.5510932 1.6799313 -6.100836 1.8045777 19.28938 1.5797315835952759 0.994134247303009
Car 0.0 0 1.7879302501678467 395.4819030761719 180.63771057128906 467.27752685546875 230.0645751953125 4.004499 1.5750984 1.6487255 -6.2936764 1.8739738 25.648296 1.547300934791565 0.9912378191947937
Car 0.0 0 1.666879653930664 544.8328247070312 177.9303741455078 574.1654663085938 202.60365295410156 3.7552562 1.5185302 1.5582002 -3.2889144 1.863508 47.08297 1.5971393585205078 0.9238119721412659
Car 0.0 0 1.8386952877044678 509.5954284667969 181.69737243652344 542.8267822265625 203.14393615722656 3.3717754 1.4236745 1.5024498 -5.9322267 2.0727139 51.143322 1.7232191562652588 0.6833269000053406
Car 0.0 0 -0.17997229099273682 930.5252685546875 150.98532104492188 1079.29638671875 195.21615600585938 4.582186 1.5408033 1.7177247 14.391453 0.77935505 26.658863 0.3150351047515869 0.5560253262519836
Car 0.0 0 1.7314867973327637 462.3178405761719 180.23965454101562 506.3454284667969 212.64077758789062 3.7755804 1.5177199 1.614901 -6.3471084 1.9117141 36.55665 1.5595766305923462 0.4143151044845581
Car 0.0 0 -0.27415987849235535 845.3702392578125 161.88795471191406 934.9354858398438 191.60763549804688 4.0355444 1.5013034 1.6536363 14.445329 0.9477068 37.458447 0.0939028263092041 0.40424835681915283
Car 0.0 0 -1.604280710220337 640.3843994140625 172.27247619628906 661.6412353515625 191.47442626953125 4.1025577 1.4998511 1.5757729 3.2664237 1.4547857 58.424454 -1.548430323600769 0.3496828079223633
