Car 0.0 0 -1.6782112121582031 663.2096557617188 175.6802978515625 723.14111328125 222.81190490722656 4.2101274 1.5478959 1.6859545 2.8722253 1.658572 26.05376 -1.5684123039245605 0.9950721859931946
Car 0.0 0 -1.7117286920547485 684.3737182617188 182.8498077392578 779.5573120117188 250.49411010742188 4.2403016 1.3224351 1.5679903 2.6611414 1.5860132 16.865421 -1.555232048034668 0.9941774606704712
Car 0.0 0 -2.5236525535583496 35.31798553466797 181.82032775878906 372.23736572265625 294.9920349121094 4.1868706 1.4892967 1.643491 -5.946372 1.6357728 10.707121 -3.030606269836426 0.9888150095939636
Car 0.0 0 1.6492036581039429 553.47216796875 178.16407775878906 586.2059936523438 203.74818420410156 3.8625424 1.3578991 1.5634311 -2.276457 1.6747307 41.051193 1.593806266784668 0.9619074463844299
Car 0.0 0 0.3654888868331909 266.98919677734375 169.0762481689453 453.34185791015625 240.50918579101562 4.080642 1.6888647 1.5720006 -6.1594543 1.5999068 17.911787 0.03427910804748535 0.9556460976600647
Car 0.0 0 0.5680463910102844 354.3418273925781 180.84307861328125 497.94036865234375 226.28981018066406 4.359847 1.3579218 1.5894992 -6.0256696 1.6343437 23.495438 0.31699585914611816 0.8864935040473938
Car 0.0 0 -1.7116910219192505 641.4771728515625 171.9412078857422 675.3600463867188 199.0808563232422 4.006375 1.5995152 1.5324386 2.913384 1.5460763 44.577522 -1.6464283466339111 0.8637887239456177
Car 0.0 0 0.30586302280426025 382.8247985839844 177.93707275390625 501.78277587890625 220.44015502929688 3.8812659 1.4579214 1.5056394 -6.006365 1.6468515 25.863781 0.07767701148986816 0.7058981657028198
Car 0.0 0 0.08734041452407837 493.746826171875 173.28359985351562 551.9613647460938 196.94085693359375 3.7118723 1.5423219 1.664545 -5.7876997 1.5717696 47.962536 -0.03275018930435181 0.697998046875
Car 0.0 0 -2.7010915279388428 415.7956237792969 179.9119873046875 526.7531127929688 220.2398681640625 4.022169 1.5079421 1.6412112 -5.5421143 1.8019232 28.721869 -2.891706943511963 0.6978941559791565
Car 0.0 0 -2.685911178588867 190.1749725341797 160.2037811279297 428.85430908203125 257.86004638671875 3.8394303 1.709808 1.563014 -5.5804977 1.4886801 13.534035 -3.0770020484924316 0.48264068365097046
Car 0.0 0 0.39557114243507385 438.83343505859375 176.56932067871094 525.4434814453125 212.5034942626953 3.4954584 1.540229 1.5349869 -5.740107 1.7126735 32.28764 0.21962904930114746 0.4564065933227539
Car 0.0 0 -2.549816131591797 300.4725036621094 173.41702270507812 446.9024658203125 231.55174255371094 3.7344563 1.5665957 1.6183904 -6.816507 1.5841504 20.750769 -2.8672051429748535 0.3118222951889038
