Car 0.0 0 1.8366578817367554 388.22418212890625 183.17510986328125 490.8504943847656 243.89913940429688 4.1477513 1.442642 1.7201084 -4.6188574 1.7586728 19.96019 1.6092569828033447 0.9985610842704773
Car 0.0 0 1.9138702154159546 308.7575988769531 184.03013610839844 447.46380615234375 272.4280090332031 3.62826 1.52055 1.5444039 -4.6104918 1.7774705 14.717856 1.6102945804595947 0.9978941082954407
Car 0.0 0 -1.7994333505630493 731.7083129882812 177.17127990722656 860.5432739257812 263.9588317871094 4.071138 1.5149316 1.6305115 3.5951798 1.6163138 14.838284 -1.5617234706878662 0.996369481086731
Car 0.0 0 2.0422940254211426 42.32735061645508 188.35401916503906 357.4889831542969 358.6523742675781 4.117452 1.5602351 1.6549332 -4.749271 1.7995476 9.052542 1.5591341257095337 0.9947746396064758
Car 0.0 0 -1.9288307428359985 795.6637573242188 181.07154846191406 1030.4176025390625 327.7178039550781 3.7231781 1.5359823 1.5922052 3.6885943 1.6673365 9.631665 -1.5630950927734375 0.991979718208313
Car 0.0 0 -1.7350201606750488 708.9469604492188 176.54263305664062 791.7900390625 238.20880126953125 3.740427 1.5396799 1.651475 3.7598054 1.6525803 20.12503 -1.550326943397522 0.9903226494789124
Car 0.0 0 -1.6939975023269653 696.9652709960938 175.74317932128906 755.871826171875 225.63186645507812 3.7165604 1.6254778 1.601261 4.011108 1.7359254 25.607653 -1.5386229753494263 0.9820104241371155
Car 0.0 0 1.7144279479980469 506.11517333984375 179.1131591796875 549.2116088867188 210.60861206054688 3.9303052 1.4583734 1.6018919 -4.109489 1.7899175 36.18667 1.6013487577438354 0.9774333834648132
Car 0.0 0 -2.288278818130493 959.6196899414062 185.34042358398438 1242.0 375.0 4.0083046 1.5382862 1.6671562 3.7800481 1.6467302 4.229168 -1.5588973760604858 0.812477707862854
Car 0.0 0 -1.7518117427825928 684.7391357421875 178.08102416992188 738.3497314453125 214.3943634033203 3.915936 1.4296532 1.5847114 4.246461 1.6688048 30.968893 -1.6155413389205933 0.4473405182361603
Car 0.0 0 1.70479154586792 520.3306884765625 177.8440704345703 559.7388916015625 207.6944122314453 4.073679 1.5616614 1.6734161 -3.9081562 1.8564509 40.503563 1.60860013961792 0.375076562166214
