Pedestrian 0.0 0 1.226742148399353 676.0717163085938 139.53074645996094 723.6574096679688 256.52435302734375 0.70607483 1.7090964 0.50366974 1.3830137 1.1122625 10.7226925 1.3550140857696533 0.9186616539955139
Pedestrian 0.0 0 1.4245525598526 556.747314453125 133.32859802246094 594.5191040039062 233.9952850341797 0.7874156 1.8390496 0.60126495 -0.60682285 0.9789289 13.355656 1.3791481256484985 0.9098045229911804
Pedestrian 0.0 0 1.2495386600494385 614.2682495117188 135.82891845703125 666.7208862304688 258.7001037597656 0.7825963 1.7632754 0.5632447 0.47432414 1.1238838 10.594921 1.2942777872085571 0.8390491604804993
Pedestrian 0.0 0 1.3944056034088135 584.3421630859375 130.0292205810547 623.666015625 231.3917236328125 0.81543607 1.8898319 0.62158966 -0.071543805 0.950477 13.634605 1.3891584873199463 0.718950629234314
Pedestrian 0.0 0 1.880420207977295 534.5880737304688 127.93828582763672 574.2302856445312 219.75601196289062 0.7635006 1.8233945 0.60828876 -1.0695531 0.78120834 14.478465 1.8066821098327637 0.7134762406349182
Pedestrian 0.0 0 1.5111627578735352 670.876220703125 141.25575256347656 698.1103515625 226.20970153808594 0.8563575 1.7236183 0.5119686 1.6125892 0.92902374 14.780452 1.6198357343673706 0.6197165846824646
Pedestrian 0.0 0 -0.849984347820282 322.51885986328125 146.70294189453125 356.5830078125 205.5363311767578 0.7627059 1.8084792 0.6642311 -8.363429 0.7711484 22.203005 -1.210227131843567 0.47422918677330017
Pedestrian 0.0 0 -1.78003990650177 531.021728515625 136.60089111328125 555.21240234375 201.1284637451172 0.73408264 1.7770137 0.5355822 -1.7810427 0.56966174 19.895897 -1.869320034980774 0.4571736454963684
Pedestrian 0.0 0 -1.8500950336456299 447.7618408203125 132.73284912109375 490.52215576171875 231.9391326904297 0.72524583 1.7664065 0.5956116 -2.556268 0.91753644 13.0427685 -2.043632984161377 0.37372180819511414
Pedestrian 0.0 0 2.4162192344665527 260.96087646484375 133.0165252685547 327.4649353027344 248.028564453125 0.79679996 1.8209664 0.6191318 -5.1707644 1.0708239 11.680641 1.9994707107543945 0.30653145909309387
