Car 0.0 0 1.9571449756622314 181.12106323242188 199.68634033203125 413.66082763671875 344.9953918457031 3.6260087 1.4284635 1.5221094 -3.9110196 1.8524373 9.574428 1.5693445205688477 0.9955427050590515
Car 0.0 0 -1.7003638744354248 657.6945190429688 182.02389526367188 719.5438842773438 226.00013732910156 3.9542377 1.3515877 1.612377 2.5963502 1.6951356 25.003857 -1.5968966484069824 0.9773613214492798
Car 0.0 0 -3.5350494384765625 834.622802734375 168.07620239257812 1035.185546875 229.987060546875 4.2255354 1.4586476 1.6276467 7.8735948 1.3464388 17.85675 -3.119762897491455 0.9697848558425903
Car 0.0 0 1.9373198747634888 287.6952209472656 194.84970092773438 412.70635986328125 267.82061767578125 3.9528742 1.5066187 1.6258621 -6.396373 2.1196132 18.096426 1.5975655317306519 0.9668909907341003
Car 0.0 0 2.786367654800415 755.0210571289062 168.24989318847656 878.4671630859375 208.67782592773438 4.1783643 1.4764737 1.6652368 7.7359524 1.308685 27.34458 3.0620691776275635 0.9385746121406555
Car 0.0 0 1.7809827327728271 394.1241455078125 193.49879455566406 461.4862365722656 240.12374877929688 3.866615 1.4457297 1.5843488 -6.535144 2.2480714 26.066483 1.5353354215621948 0.9330477714538574
Car 0.0 0 1.7619438171386719 422.2600402832031 187.73004150390625 479.7688293457031 229.080322265625 3.928334 1.4962658 1.5781881 -6.467012 2.1460955 29.515884 1.546249508857727 0.9328309297561646
Car 0.0 0 1.8117914199829102 470.1937561035156 185.49160766601562 515.21435546875 215.6868133544922 3.6777654 1.551724 1.6696978 -6.5751853 2.295935 40.56721 1.6511074304580688 0.9181839227676392
Car 0.0 0 -3.504183053970337 811.1133422851562 152.8746795654297 972.9939575195312 211.4558868408203 4.0737367 1.6352237 1.6003189 8.051641 1.0778832 20.94717 -3.1372156143188477 0.5627548098564148
Car 0.0 0 -3.616286516189575 937.19873046875 153.5170135498047 1036.4085693359375 186.91311645507812 4.2065377 1.6687388 1.6509084 19.169529 0.7028651 36.886192 -3.1370081901550293 0.49936768412590027
Car 0.0 0 1.4549649953842163 730.0711669921875 172.0072479248047 759.61181640625 194.4412078857422 4.4439635 1.6234019 1.6823081 10.109417 1.5624852 54.484043 1.6384267807006836 0.4022057354450226
Car 0.0 0 -0.6417182683944702 1145.5008544921875 155.86386108398438 1242.0 204.85989379882812 4.2004595 1.5560983 1.5935394 20.39086 1.0168551 23.846056 0.06573152542114258 0.3255165219306946
