Car 0.0 0 -1.7489700317382812 646.5225830078125 184.52499389648438 703.6156616210938 227.129638671875 3.6264303 1.4870812 1.5811777 2.4221253 1.9722135 28.089289 -1.66295325756073 0.9954212307929993
Car 0.0 0 -2.5023093223571777 816.7706909179688 182.70481872558594 1002.0774536132812 258.5257263183594 3.5457356 1.4090894 1.497425 6.3653183 1.6512365 15.804304 -2.11942720413208 0.9812646508216858
Car 0.0 0 -1.6389062404632568 627.3873901367188 182.90573120117188 663.6455688476562 214.562744140625 3.9763153 1.507539 1.6109875 1.7663064 2.0601645 37.635548 -1.5920088291168213 0.9573043584823608
Car 0.0 0 -2.6303634643554688 49.56636428833008 153.58729553222656 366.2373046875 290.3057556152344 4.1345406 2.0259528 1.7059113 -6.3175025 1.7408084 11.565531 -3.1303117275238037 0.8873173594474792
Car 0.0 0 0.48197948932647705 256.9549560546875 187.7986297607422 416.03436279296875 250.59609985351562 3.6162453 1.5282445 1.5440191 -7.1937747 1.9427176 19.007832 0.12017560005187988 0.8122594356536865
Car 0.0 0 2.3362319469451904 0.0 197.2095489501953 267.9270324707031 375.0 3.9117115 1.47297 1.5976704 -5.8780303 1.81951 8.202886 1.7144644260406494 0.5750598907470703
Car 0.0 0 0.3259202241897583 379.5518798828125 187.67626953125 479.8094787597656 225.267333984375 3.5204296 1.3962736 1.5640421 -7.108081 2.0000026 28.446949 0.08106255531311035 0.4617078900337219
Car 0.0 0 0.22201202809810638 332.3887939453125 191.234130859375 469.2682800292969 238.86245727539062 4.077256 1.462216 1.6476554 -6.8612967 2.0933356 23.817131 -0.05847565829753876 0.38550207018852234
Car 0.0 0 1.6407839059829712 492.5047302246094 187.47439575195312 525.9179077148438 216.453369140625 3.920959 1.5446259 1.6806439 -5.924499 2.447034 42.501373 1.5022809505462646 0.3743392825126648
Car 0.0 0 3.3769218921661377 381.9668273925781 188.537353515625 486.87939453125 225.20297241210938 4.0713553 1.484258 1.6601543 -7.4651613 2.1713643 30.756466 3.138808012008667 0.3706468939781189
