Car 0.0 0 -1.7766399383544922 706.8257446289062 182.1423797607422 829.3661499023438 267.5067138671875 3.94411 1.448793 1.606058 2.9921784 1.6631886 14.648545 -1.575147271156311 0.9979481101036072
Car 0.0 0 -2.024477958679199 810.3560180664062 198.1603546142578 1242.0 375.0 4.224773 1.3352907 1.6236311 2.7846348 1.5985928 5.362103 -1.5454959869384766 0.9940880537033081
Car 0.0 0 1.6393412351608276 535.6032104492188 179.2166290283203 580.2548828125 217.01622009277344 3.5219998 1.4314759 1.5952932 -2.129196 1.7091236 29.679104 1.5677233934402466 0.9925493001937866
Car 0.0 0 -1.7016685009002686 657.240478515625 175.587646484375 703.0501098632812 211.3890838623047 3.960647 1.53152 1.5797741 3.1242492 1.6651962 33.17815 -1.6077795028686523 0.9851163029670715
Car 0.0 0 0.49525412917137146 213.1727752685547 184.0868377685547 437.5047302246094 262.9361877441406 3.9928346 1.4619375 1.5379252 -5.7569356 1.7063007 14.666167 0.12120246887207031 0.9719841480255127
Car 0.0 0 3.869048595428467 0.0 180.7175750732422 240.1687469482422 375.0 4.2618895 1.5582258 1.6638918 -6.0097437 1.6400542 6.6202917 3.131953716278076 0.9685497283935547
Car 0.0 0 -2.5843260288238525 100.72978210449219 180.14828491210938 406.27899169921875 280.0478515625 4.292354 1.4810281 1.6629965 -5.80321 1.6122739 11.895874 -3.038193464279175 0.9590025544166565
Car 0.0 0 -2.8008251190185547 331.485595703125 177.1400604248047 482.1573181152344 229.47706604003906 3.9050212 1.4392618 1.5591744 -5.8647804 1.5691679 20.897171 -3.0744359493255615 0.939437210559845
Car 0.0 0 0.06847634166479111 460.0865783691406 175.44390869140625 536.7362670898438 206.85423278808594 3.7384427 1.5435563 1.6930951 -5.6483493 1.6789681 36.621346 -0.08455432206392288 0.9324479699134827
Car 0.0 0 -2.477787494659424 0.0 175.74179077148438 270.33990478515625 306.44830322265625 3.8088813 1.5159036 1.6708424 -6.732512 1.5571727 9.312412 -3.103757858276367 0.9290516376495361
Car 0.0 0 0.5476824045181274 274.9619140625 179.13360595703125 455.47808837890625 245.5419464111328 4.1131887 1.5562502 1.6209921 -6.242555 1.7273986 18.381037 0.22028517723083496 0.8519143462181091
Car 0.0 0 -2.7722976207733154 461.4447326660156 171.79197692871094 532.3261108398438 197.10037231445312 3.9751618 1.5137032 1.6664971 -6.9725227 1.4505408 44.38811 -2.928105354309082 0.3815096318721771
