Pedestrian 0.0 0 1.010370135307312 377.6018981933594 171.49832153320312 418.50494384765625 241.7144775390625 0.6418636 1.5857747 0.6728835 -4.971579 1.5555161 16.757189 0.7219588756561279 0.30939722061157227
Car 0.0 0 -1.791060209274292 698.9185180664062 174.84674072265625 848.42626953125 283.0389099121094 4.1060147 1.6028872 1.6629946 2.6476624 1.6443936 12.829747 -1.5875481367111206 0.9929096102714539
Car 0.0 0 3.583467960357666 79.40478515625 181.6793670654297 365.6007995605469 279.1712951660156 4.042155 1.5323088 1.5738722 -6.5236983 1.6946921 12.370049 3.098158121109009 0.9906362891197205
Car 0.0 0 -1.7386322021484375 677.2153930664062 184.38375854492188 771.1116943359375 251.05477905273438 4.0087643 1.4446497 1.6760939 2.726186 1.7705982 18.351818 -1.591159462928772 0.988407552242279
Car 0.0 0 -1.7042434215545654 661.5501708984375 177.7016143798828 728.6937866210938 228.94390869140625 4.0653763 1.5162246 1.647773 2.667284 1.6901741 23.7851 -1.5925689935684204 0.9815201163291931
Car 0.0 0 -1.583601951599121 645.0849609375 177.14129638671875 679.8381958007812 209.17884826660156 3.9336293 1.4853199 1.6352266 2.5483344 1.7115389 35.998062 -1.5129289627075195 0.975947916507721
Car 0.0 0 -2.960503101348877 456.1130676269531 175.02732849121094 529.7224731445312 205.91737365722656 3.6947308 1.6262943 1.5992843 -6.3162436 1.74647 38.93938 -3.121309518814087 0.9602113366127014
Car 0.0 0 3.4041905403137207 283.1786804199219 175.74661254882812 457.42462158203125 236.36297607421875 4.1873837 1.55082 1.6055679 -6.403484 1.6328883 19.46197 3.086322069168091 0.9595039486885071
Car 0.0 0 -2.5340240001678467 0.0 177.59454345703125 331.05621337890625 309.1734313964844 4.0213814 1.6492097 1.620994 -6.2493076 1.7213664 10.016 -3.09185528755188 0.9436479806900024
Car 0.0 0 -2.660505533218384 185.16098022460938 182.1504364013672 402.3595275878906 257.37811279296875 3.8275576 1.4424741 1.6122334 -6.527324 1.648287 15.004139 -3.070845127105713 0.9366339445114136
Car 0.0 0 3.8453338146209717 0.0 187.8690185546875 210.61012268066406 359.403076171875 3.7964509 1.5376534 1.6476119 -6.5480933 1.7112701 7.4689283 3.125535488128662 0.9310992360115051
Car 0.0 0 -1.5186687707901 632.9708862304688 174.5369110107422 661.3316040039062 201.83912658691406 4.0875564 1.6793482 1.6264921 2.4146042 1.7937046 46.756737 -1.4670727252960205 0.9098394513130188
Car 0.0 0 0.20592732727527618 373.454345703125 173.3199920654297 490.5445556640625 217.6020965576172 3.9015212 1.5641102 1.6721108 -6.4852595 1.5821072 26.405695 -0.034906644374132156 0.8506292700767517
Car 0.0 0 -2.7692034244537354 231.43165588378906 176.58065795898438 433.07269287109375 241.9322509765625 4.1376104 1.4650335 1.6939629 -6.530444 1.5583695 17.13509 -3.13332462310791 0.8082497715950012
Car 0.0 0 3.179065704345703 421.3846435546875 179.796142578125 510.5629577636719 213.38063049316406 4.0053225 1.5003172 1.6534624 -6.742159 1.8371277 33.832985 2.9823648929595947 0.7301478385925293
Car 0.0 0 1.493350863456726 536.5270385742188 174.66558837890625 561.090576171875 195.36572265625 3.7184417 1.5739723 1.6513445 -4.902827 1.7228266 57.17382 1.4078071117401123 0.3598712682723999
Car 0.0 0 -2.5425004959106445 344.0953674316406 172.18002319335938 472.41015625 222.87940979003906 3.8045912 1.5825676 1.6963028 -6.72004 1.5618875 23.931545 -2.816253185272217 0.33328384160995483
