Cyclist 0.0 0 1.66177499294281 542.155517578125 173.86280822753906 555.9568481445312 210.23394775390625 1.5247129 1.731284 0.5359017 -3.00016 1.781857 35.14907 1.5766260623931885 0.4268379211425781
Car 0.0 0 -2.033991813659668 807.6482543945312 196.5079345703125 1242.0 375.0 3.513953 1.44393 1.509597 2.7812274 1.6912427 5.7632766 -1.5843791961669922 0.9971221089363098
Car 0.0 0 -0.41444534063339233 791.9853515625 175.21282958984375 1000.0100708007812 250.9022216796875 4.0774493 1.6125513 1.592492 6.3154316 1.669146 16.312073 -0.045054059475660324 0.9909232258796692
Car 0.0 0 -0.46032029390335083 876.5178833007812 168.6680450439453 1195.534423828125 284.20025634765625 3.810312 1.59426 1.6546236 6.169679 1.5368546 10.885333 0.05532073974609375 0.9885531663894653
Car 0.0 0 -1.6634701490402222 635.8656005859375 179.8314971923828 672.7821655273438 209.0098114013672 3.9885244 1.4785815 1.6470546 2.3435907 1.8809447 39.547604 -1.6042793989181519 0.9805700182914734
Car 0.0 0 -0.42142441868782043 746.1639404296875 180.9088897705078 892.3654174804688 232.78846740722656 3.8945656 1.4438938 1.5039716 6.1186476 1.6947968 21.418343 -0.14316269755363464 0.9675304293632507
Car 0.0 0 0.27815669775009155 286.1024169921875 177.79696655273438 444.2249450683594 235.21461486816406 3.8920918 1.5222865 1.6294861 -6.799474 1.6671584 20.187563 -0.046724047511816025 0.961985170841217
Car 0.0 0 -2.5825657844543457 126.8448257446289 176.36517333984375 388.4640197753906 265.3652038574219 4.0055895 1.4856151 1.7092001 -6.380464 1.5553721 13.192054 -3.0330557823181152 0.9605856537818909
Car 0.0 0 0.3111102283000946 329.14105224609375 174.26539611816406 472.10906982421875 228.31651306152344 4.025975 1.6353846 1.6217327 -6.5722957 1.6819404 22.744244 0.029807567596435547 0.958044707775116
Car 0.0 0 -0.2151668667793274 714.8952026367188 171.325439453125 837.1951293945312 219.99725341796875 4.097088 1.7252063 1.6813532 5.966138 1.6713835 26.427385 0.006866931915283203 0.9467468857765198
Car 0.0 0 -0.3834400773048401 780.3568115234375 179.05702209472656 943.1087646484375 240.2928466796875 3.7209544 1.5141897 1.5178063 6.4617844 1.6841649 18.869871 -0.05351671203970909 0.9303944110870361
Car 0.0 0 -0.2804933786392212 714.285400390625 177.4239044189453 849.1427001953125 224.69786071777344 4.0785856 1.505069 1.6470364 5.6178823 1.6637957 24.07507 -0.051247041672468185 0.9018777012825012
Car 0.0 0 -2.3663432598114014 0.0 168.54527282714844 270.67071533203125 330.80145263671875 4.2126274 1.5975659 1.6678413 -6.3620644 1.5555003 8.168678 -3.028045654296875 0.8962470293045044
Car 0.0 0 -2.9143128395080566 435.31170654296875 174.24522399902344 516.896484375 209.970458984375 3.4807312 1.6306094 1.6923659 -6.291445 1.6981598 33.923985 -3.097686529159546 0.8955613970756531
Car 0.0 0 0.39326953887939453 187.88729858398438 170.12344360351562 403.2684020996094 247.5123291015625 3.9626276 1.5827351 1.5697173 -6.713563 1.5272485 15.566288 -0.01391554530709982 0.7563087344169617
Car 0.0 0 -2.427462100982666 0.0 178.3983612060547 296.57635498046875 290.0234375 3.535373 1.4751927 1.6195086 -6.804281 1.565939 10.699277 -2.9939019680023193 0.7043140530586243
Car 0.0 0 2.6788017749786377 847.1180419921875 181.12420654296875 1085.8140869140625 268.6321105957031 3.6677208 1.5073924 1.5396205 6.433434 1.6701862 13.372917 3.1271986961364746 0.6836904287338257
Car 0.0 0 -2.7931840419769287 477.3763427734375 175.84719848632812 538.7982177734375 201.89210510253906 3.6493397 1.6625363 1.6919359 -6.7262416 1.8650993 47.536583 -2.9337470531463623 0.5902526378631592
Car 0.0 0 -2.939133644104004 441.9379577636719 177.0272216796875 529.4080810546875 206.31112670898438 4.1002636 1.4280863 1.5922389 -6.2471757 1.6433424 36.2912 -3.1096031665802 0.4812372922897339
Car 0.0 0 1.2325208187103271 901.0067138671875 152.3421630859375 951.529541015625 179.88963317871094 3.833244 1.538409 1.5155665 18.421381 0.3932683 42.25874 1.6436033248901367 0.3945082128047943
