Car 0.0 0 -1.7128599882125854 676.04931640625 181.83584594726562 764.5374145507812 245.57366943359375 4.2256703 1.412864 1.6464776 2.6808934 1.672343 18.700096 -1.5704677104949951 0.9941743016242981
Car 0.0 0 0.5108376145362854 3.0589494705200195 176.65992736816406 368.69439697265625 294.68939208984375 4.444435 1.6019175 1.6392365 -6.1226254 1.663085 10.685006 -0.009500573389232159 0.981630265712738
Car 0.0 0 -2.826080083847046 431.10662841796875 174.5599822998047 526.1988525390625 212.39654541015625 3.9454355 1.6627295 1.6602787 -5.9912167 1.7434375 32.89216 -3.0062520503997803 0.9464220404624939
Car 0.0 0 -1.5920624732971191 630.2081298828125 176.4113311767578 649.5185546875 194.15292358398438 3.6719034 1.4575673 1.5717055 2.5139296 1.7720872 61.86847 -1.551451325416565 0.8891521096229553
Car 0.0 0 -3.3435301780700684 743.7778930664062 174.48635864257812 875.5480346679688 220.92515563964844 3.9037533 1.4595946 1.7296448 6.432047 1.5158743 23.730349 -3.0788424015045166 0.8310917615890503
Car 0.0 0 0.3526526093482971 416.69287109375 177.84494018554688 506.73419189453125 213.2548065185547 3.3589935 1.4202156 1.5867991 -6.2281647 1.6370863 30.263365 0.1496875286102295 0.7612336277961731
Car 0.0 0 -2.95672345161438 477.66412353515625 168.25567626953125 545.4546508789062 198.0465850830078 3.702218 1.7090281 1.6275692 -5.7707314 1.4455923 42.293995 -3.092329263687134 0.7163184285163879
Car 0.0 0 -2.7575557231903076 456.34747314453125 177.10195922851562 535.847900390625 208.57102966308594 3.7255044 1.5595037 1.6135305 -5.9031343 1.7864847 37.285023 -2.914577007293701 0.645611584186554
Car 0.0 0 3.4036476612091064 301.0242004394531 180.78237915039062 480.7355041503906 233.0816650390625 4.497237 1.3657502 1.6148837 -6.0069757 1.5952839 19.97928 3.1115851402282715 0.6296648383140564
Car 0.0 0 0.631011962890625 53.089439392089844 168.53810119628906 326.6526794433594 261.13800048828125 4.1580715 1.5700436 1.7060375 -7.680127 1.4972246 13.301986 0.10740065574645996 0.5796108245849609
Car 0.0 0 -2.6609606742858887 519.84326171875 170.66091918945312 567.3057250976562 191.5690460205078 3.4968195 1.6637503 1.6287909 -5.4370313 1.4895949 58.829124 -2.753119707107544 0.45728370547294617
Car 0.0 0 -0.2935216426849365 723.5384521484375 175.25775146484375 836.1358642578125 216.23204040527344 3.9385245 1.52587 1.6187041 6.47528 1.6223501 27.913656 -0.06557795405387878 0.4502982497215271
Car 0.0 0 -0.22045081853866577 957.9227905273438 175.83425903320312 1242.0 293.6478271484375 4.6228247 1.5529541 1.6462826 7.981814 1.6065933 11.244355 0.39685583114624023 0.3518553376197815
Car 0.0 0 -2.577399730682373 185.2688446044922 174.14244079589844 410.9013366699219 254.01119995117188 4.1651053 1.5605742 1.6101643 -6.5722637 1.5901772 15.253217 -2.9842379093170166 0.3078904151916504
