Pedestrian 0.0 0 -2.4296305179595947 346.77178955078125 169.61634826660156 368.0852966308594 207.43003845214844 0.6307384 1.7346095 0.70095974 -11.776888 1.5864482 33.537518 -2.767334461212158 0.3032110035419464
Car 0.0 0 1.9714272022247314 208.51112365722656 193.42825317382812 385.6625061035156 291.00714111328125 4.1017423 1.4979906 1.6483834 -5.8698273 1.9560118 13.993755 1.5742579698562622 0.9962873458862305
Car 0.0 0 1.8101803064346313 398.27947998046875 186.6302032470703 473.542724609375 236.68263244628906 3.789263 1.4762146 1.5988783 -5.7910647 1.9753218 24.221195 1.5754952430725098 0.9904018044471741
Car 0.0 0 1.8618242740631104 339.5928649902344 190.94601440429688 439.2862548828125 253.0692901611328 3.6736329 1.4078876 1.5467044 -5.8088393 1.9372969 19.258343 1.5688753128051758 0.9878816604614258
Car 0.0 0 1.7833518981933594 441.6435852050781 183.55966186523438 499.3118591308594 223.06295776367188 3.8358827 1.4896693 1.5945681 -5.8040037 1.9667375 30.190983 1.593425989151001 0.9860987663269043
Car 0.0 0 1.753848910331726 482.0380859375 182.7001495361328 526.1253051757812 214.08648681640625 3.86588 1.5030357 1.605395 -5.519646 2.0452502 37.743248 1.6086363792419434 0.9853833913803101
Car 0.0 0 -3.461977005004883 805.2772827148438 155.44493103027344 938.8425903320312 203.66421508789062 4.2118454 1.6783851 1.6621933 9.316044 1.07278 25.99296 -3.117832899093628 0.9050785899162292
Car 0.0 0 -1.6378473043441772 667.2213134765625 175.53314208984375 711.1038818359375 214.0062255859375 3.966674 1.5877076 1.6624113 3.417144 1.7146288 32.06853 -1.5316903591156006 0.8295508623123169
Car 0.0 0 -1.6294782161712646 650.4957885742188 177.95394897460938 678.2214965820312 202.08160400390625 3.715174 1.5023265 1.6009682 3.518362 1.8522506 47.584167 -1.5556727647781372 0.42897364497184753
Car 0.0 0 2.6637983322143555 788.5116577148438 154.2628631591797 894.6101684570312 193.5878143310547 3.6874487 1.4898525 1.526862 9.039269 0.7858732 28.396908 2.971975564956665 0.37388288974761963
Car 0.0 0 -1.6829750537872314 654.04541015625 177.03880310058594 694.0128784179688 210.70065307617188 3.8630438 1.6213108 1.6186106 3.2101989 1.8486853 37.187153 -1.596863031387329 0.3171226382255554
Car 0.0 0 2.3012075424194336 1161.4027099609375 133.39328002929688 1242.0 187.55831909179688 4.152264 1.8071623 1.7108475 21.817316 0.49095306 25.18103 3.0151565074920654 0.3119909465312958
