Car 0.0 0 1.8349348306655884 346.5596008300781 184.5918731689453 468.1431884765625 262.1020812988281 3.9728124 1.4938949 1.677434 -4.515758 1.7949961 16.49522 1.5677202939987183 0.9971128702163696
Car 0.0 0 -1.9027776718139648 776.4819946289062 183.7604522705078 964.1793823242188 299.7921142578125 3.8136966 1.4913708 1.5972241 3.8664854 1.6952056 11.544867 -1.5796092748641968 0.9956894516944885
Car 0.0 0 -2.1710009574890137 886.7977905273438 181.6488494873047 1242.0 375.0 3.544116 1.5291986 1.5357764 3.8595114 1.6277944 6.250586 -1.6178392171859741 0.995098888874054
Car 0.0 0 1.776873230934143 431.0301818847656 181.41940307617188 507.6702575683594 238.75787353515625 3.8138351 1.5725015 1.5700344 -4.2888174 1.860136 22.277878 1.5866854190826416 0.9939078092575073
Car 0.0 0 1.736202359199524 464.66949462890625 183.81263732910156 526.5155029296875 226.44268798828125 4.1787024 1.434423 1.6549829 -4.307022 1.883604 27.451305 1.5805742740631104 0.9873399138450623
Car 0.0 0 -1.8042210340499878 730.2255249023438 178.92581176757812 839.1163330078125 255.06246948242188 3.8052733 1.5668687 1.6289511 3.9376297 1.7268544 17.058535 -1.5773640871047974 0.9872325658798218
Car 0.0 0 -1.7707006931304932 702.3341064453125 176.86495971679688 783.12255859375 233.51031494140625 3.8085685 1.566885 1.6925339 3.9238675 1.7011032 22.153008 -1.595393180847168 0.9861422181129456
Car 0.0 0 1.7021443843841553 534.6881713867188 179.0711212158203 570.5403442382812 204.17022705078125 3.9085712 1.4140565 1.6648865 -3.4561327 1.8075788 43.63145 1.623097538948059 0.9771166443824768
Car 0.0 0 -1.6936726570129395 689.6256713867188 179.024169921875 735.5294189453125 213.5587615966797 3.9512162 1.4462669 1.5870667 4.5763745 1.7450893 32.912086 -1.5555100440979004 0.7287980914115906
Car 0.0 0 1.6532492637634277 552.720703125 176.8443603515625 584.2484130859375 201.5198974609375 4.4362135 1.5543392 1.7537085 -2.767961 1.8348309 48.411644 1.5961359739303589 0.6240442991256714
