Cyclist 0.0 0 1.6600637435913086 388.5196533203125 178.23272705078125 429.97711181640625 290.1312561035156 1.3546042 1.7115319 0.5398938 -3.3208199 1.8053375 11.817584 1.3861218690872192 0.7397943735122681
Car 0.0 0 -1.7265973091125488 632.4945678710938 178.81423950195312 702.5386352539062 229.82301330566406 4.2127905 1.4614292 1.5981218 1.7165017 1.6724992 23.34067 -1.6531882286071777 0.9968738555908203
Car 0.0 0 -0.620104193687439 896.7474365234375 183.35057067871094 1242.0 345.4507751464844 4.163132 1.5102811 1.6667026 5.409539 1.6346495 7.6755843 -0.0061824689619243145 0.9939265847206116
Car 0.0 0 -2.745920419692993 231.3202667236328 173.5538330078125 409.9825744628906 238.70147705078125 3.6789849 1.5053324 1.659139 -6.9884024 1.5235479 17.548065 -3.1249115467071533 0.976653516292572
Car 0.0 0 -0.5397114157676697 839.178955078125 163.8411102294922 1197.9007568359375 299.42950439453125 4.108623 1.7206955 1.6351975 5.4611006 1.6066746 10.057675 -0.04227505251765251 0.945508599281311
Car 0.0 0 0.2397434115409851 381.4978332519531 177.28709411621094 482.3345031738281 215.00706481933594 3.9289277 1.5681734 1.6575968 -7.6400943 1.7642608 31.022322 -0.0017284967470914125 0.846781313419342
Car 0.0 0 -1.6104402542114258 619.2809448242188 176.5354766845703 653.3289794921875 206.91989135742188 3.6218364 1.5180061 1.6544892 1.3173325 1.7230592 38.300423 -1.576059103012085 0.7895954847335815
Car 0.0 0 -2.7680578231811523 281.916015625 177.8163604736328 438.6587829589844 233.86334228515625 3.8009958 1.473612 1.5374521 -6.88338 1.6171243 19.965189 -3.100064992904663 0.6443161964416504
Car 0.0 0 -2.8150126934051514 323.55340576171875 178.40713500976562 452.1276550292969 223.60072326660156 3.9966915 1.5120809 1.5772069 -7.736587 1.7128474 25.191586 -3.1129796504974365 0.6232538819313049
Car 0.0 0 3.166426658630371 412.5998840332031 179.97288513183594 490.2062683105469 215.74745178222656 3.51226 1.6186798 1.5648791 -7.51638 1.9672287 34.185745 2.9500014781951904 0.36352819204330444
Car 0.0 0 3.1616592407226562 436.16046142578125 177.66525268554688 501.8376770019531 206.0167236328125 3.6334825 1.5706545 1.6086813 -8.105052 1.8547922 41.45021 2.9685585498809814 0.32114899158477783
