Pedestrian 0.0 0 -1.3650411367416382 292.35784912109375 169.4950408935547 354.2612609863281 296.910888671875 0.8878171 1.6944753 0.6422417 -3.912762 1.5361512 10.041187 -1.7366118431091309 0.9668503403663635
Pedestrian 0.0 0 -2.157540798187256 549.1900024414062 171.44317626953125 564.5576171875 197.78204345703125 0.8690505 1.7018883 0.6255747 -2.9056175 1.0527667 46.94789 -2.2193522453308105 0.32839149236679077
Cyclist 0.0 0 -1.6216239929199219 728.444580078125 159.7803955078125 766.7725830078125 276.4159851074219 1.6584287 1.8014134 0.530482 2.3671024 1.4672593 11.95072 -1.426082968711853 0.4428434371948242
Cyclist 0.0 0 0.5722438097000122 372.21380615234375 177.8732147216797 466.2144775390625 279.7583312988281 1.4294413 1.6347007 0.5985703 -3.0912685 1.5778043 12.032112 0.32076454162597656 0.3496999442577362
Car 0.0 0 -1.6906532049179077 647.6966552734375 167.19036865234375 697.3538818359375 212.03253173828125 3.590604 1.7358954 1.6060132 2.8534944 1.1829693 29.618935 -1.5946093797683716 0.9493905305862427
Car 0.0 0 1.6885302066802979 519.7609252929688 175.9300079345703 561.2335205078125 209.15638732910156 3.788297 1.5034255 1.5468649 -2.8759224 1.2523324 34.420193 1.605170488357544 0.937646746635437
Car 0.0 0 -1.7143094539642334 685.4850463867188 183.06430053710938 771.56591796875 252.920654296875 3.8133872 1.4968638 1.4881703 2.9290147 1.5401082 17.398647 -1.5475260019302368 0.7198200821876526
Car 0.0 0 -1.7421051263809204 628.3598022460938 170.35073852539062 665.8975219726562 200.08200073242188 3.5530596 1.6567038 1.5935763 2.6213393 1.0362474 41.877453 -1.679591178894043 0.45440101623535156
Car 0.0 0 1.652862548828125 375.2493896484375 191.7776336669922 478.4813537597656 283.9179382324219 3.6664603 1.4509275 1.5958258 -3.2240222 1.6754253 13.671011 1.4212650060653687 0.36537817120552063
Car 0.0 0 -1.6918009519577026 627.030029296875 173.8771209716797 658.4085083007812 199.6765899658203 3.9215982 1.6219829 1.5871786 2.6781683 1.1434636 47.166016 -1.635080099105835 0.3290649652481079
