Car 0.0 0 1.9612512588500977 220.9283905029297 193.75433349609375 376.5204772949219 283.4194641113281 3.7551115 1.4989169 1.6042346 -6.242911 1.9832535 14.821476 1.562597632408142 0.9961179494857788
Car 0.0 0 -1.6867598295211792 670.579833984375 181.67088317871094 740.9705810546875 233.35585021972656 4.085234 1.3590046 1.6107321 2.736697 1.6498433 21.718895 -1.5614150762557983 0.9905174374580383
Car 0.0 0 2.7801973819732666 782.162109375 161.43775939941406 928.3759765625 211.08407592773438 4.2313905 1.5738153 1.724972 7.9713197 1.2122725 23.81342 3.1032140254974365 0.9889877438545227
Car 0.0 0 1.767604947090149 464.9765930175781 184.3437957763672 510.43499755859375 214.967529296875 3.690221 1.4417884 1.6234868 -6.2917113 2.0649173 37.237865 1.6002256870269775 0.9854503870010376
Car 0.0 0 2.2175495624542236 0.0 210.3922576904297 310.6191711425781 375.0 3.5045316 1.4300737 1.5846623 -3.8821821 1.8069973 5.461046 1.5995547771453857 0.9776812791824341
Car 0.0 0 -3.6180009841918945 889.7846069335938 169.66165161132812 1147.490966796875 246.06040954589844 4.206361 1.435258 1.6404524 7.96656 1.3756433 14.431139 -3.113593339920044 0.9370694160461426
Car 0.0 0 1.819112777709961 362.2059326171875 194.98292541503906 441.5623474121094 247.9770050048828 3.4773626 1.3950001 1.5370708 -6.360065 2.1310172 22.222958 1.540370225906372 0.903057336807251
Car 0.0 0 1.7876434326171875 399.73553466796875 186.73399353027344 469.5259704589844 230.96156311035156 4.053871 1.399579 1.6195786 -6.302637 1.9424086 26.154663 1.5511761903762817 0.90021812915802
Car 0.0 0 -0.4656980633735657 853.8839721679688 153.31643676757812 1061.3681640625 223.37222290039062 4.285124 1.6175015 1.5748502 8.275178 1.1667616 17.495031 -0.02388150803744793 0.6149674654006958
Car 0.0 0 -3.2765445709228516 708.32861328125 169.6243133544922 771.1943969726562 193.22750854492188 4.0557714 1.5926639 1.7506409 8.857018 1.3750932 49.643085 -3.0999882221221924 0.33769306540489197
