Car 0.0 0 -1.7496483325958252 665.9103393554688 179.7852325439453 737.9625854492188 234.86752319335938 3.8232996 1.5284662 1.5465933 2.7234936 1.7634094 22.464048 -1.6289992332458496 0.9947543144226074
Car 0.0 0 1.7297511100769043 440.3970642089844 187.4119110107422 532.4030151367188 260.6219177246094 3.7036695 1.4647428 1.5629926 -2.8486013 1.846207 17.029032 1.5640065670013428 0.9899306297302246
Car 0.0 0 1.6145567893981934 531.0287475585938 179.60235595703125 566.5375366210938 214.21615600585938 3.8010626 1.5702156 1.5732793 -2.9954407 1.9198653 35.412804 1.530171275138855 0.9768890738487244
Car 0.0 0 1.6899666786193848 476.94415283203125 184.66082763671875 543.2493286132812 238.06326293945312 3.9898908 1.4752856 1.6100638 -3.114502 1.8820578 22.826088 1.5543591976165771 0.974989652633667
Car 0.0 0 -1.553833246231079 633.600341796875 178.77980041503906 653.9965209960938 197.76914978027344 3.422266 1.3987308 1.5255712 2.620961 1.8734249 55.997154 -1.5070620775222778 0.8569579720497131
Car 0.0 0 -1.7211858034133911 643.886474609375 178.81393432617188 690.4715576171875 216.8051300048828 3.7513983 1.6003033 1.5623387 2.511073 1.8885685 32.924145 -1.6450647115707397 0.8406580686569214
Car 0.0 0 1.5376365184783936 548.2667846679688 179.78814697265625 576.5632934570312 205.7647705078125 4.073566 1.5524828 1.6716121 -3.127006 2.018647 46.356735 1.4702832698822021 0.5545474886894226
Car 0.0 0 1.6633124351501465 506.77099609375 177.7159881591797 535.7312622070312 200.19650268554688 3.9518025 1.4089057 1.5587426 -5.90456 1.7467269 48.080147 1.5411176681518555 0.491935133934021
Car 0.0 0 -1.713400959968567 654.4314575195312 180.93716430664062 707.4613647460938 221.90121459960938 3.5007803 1.4487383 1.5526961 2.6483786 1.7828739 28.005838 -1.6191160678863525 0.4247981905937195
Car 0.0 0 -1.6670712232589722 642.1275024414062 171.380859375 680.1674194335938 207.7264404296875 3.2654307 1.8194939 1.6720532 2.5986283 1.7461054 37.77327 -1.5983840227127075 0.40260860323905945
