Car 0.0 0 -1.813020944595337 694.28125 180.71607971191406 826.1517944335938 268.4629821777344 3.9635584 1.4739331 1.6381693 2.7916412 1.6543607 14.501314 -1.622838020324707 0.9960592985153198
Car 0.0 0 -1.9014476537704468 744.3511352539062 172.06497192382812 1014.808837890625 350.0935974121094 3.9037943 1.6112158 1.6688725 2.7563965 1.6044328 8.493064 -1.5876257419586182 0.9958298802375793
Car 0.0 0 3.711245059967041 0.0 183.43678283691406 301.4953918457031 337.0241394042969 4.105701 1.6312876 1.6317368 -6.1767073 1.7726725 8.699612 3.0938405990600586 0.9905394315719604
Car 0.0 0 -1.7123658657073975 661.940673828125 175.0631103515625 729.0069580078125 228.134765625 4.0210075 1.5784086 1.6089386 2.6653025 1.6574367 23.659111 -1.600184440612793 0.9801986813545227
Car 0.0 0 -1.6750500202178955 643.1798095703125 177.30715942382812 681.1608276367188 207.89242553710938 4.0070457 1.4802327 1.5509633 2.6253924 1.7248019 37.537327 -1.6052228212356567 0.9760600924491882
Car 0.0 0 3.5667076110839844 22.208654403686523 188.68470764160156 341.27386474609375 304.042236328125 3.8977747 1.5674111 1.5994384 -6.4016657 1.8322387 11.061993 3.042091131210327 0.9540897607803345
Car 0.0 0 -2.874347686767578 423.70623779296875 177.16650390625 520.1874389648438 211.0869903564453 4.0075192 1.4846147 1.6971277 -6.2766223 1.6872315 32.83496 -3.063225746154785 0.860198974609375
Car 0.0 0 0.5285077095031738 336.0882568359375 181.72142028808594 468.67047119140625 235.24264526367188 3.6331153 1.5302552 1.5633758 -6.4146 1.8186139 22.228758 0.24756789207458496 0.734430730342865
Car 0.0 0 -1.4775583744049072 541.243408203125 173.5331573486328 562.9882202148438 191.14678955078125 3.9097369 1.5705851 1.6412874 -5.3212767 1.6353457 66.45308 -1.557463526725769 0.7228482365608215
Car 0.0 0 -2.9333109855651855 437.5455322265625 175.9197540283203 526.9977416992188 205.8473358154297 4.0055556 1.401349 1.620717 -6.1602883 1.5534713 34.839123 -3.108323097229004 0.5633364319801331
Car 0.0 0 -2.834933042526245 377.052734375 170.5361785888672 491.3194885253906 218.55609130859375 3.8635259 1.7429506 1.6309494 -6.600889 1.6591798 27.131334 -3.0735902786254883 0.4944474697113037
Car 0.0 0 -2.163719892501831 956.7666015625 188.6510467529297 1238.096923828125 317.0941162109375 3.6105373 1.4170738 1.4818739 6.5113316 1.6814065 10.230432 -1.5969171524047852 0.48674634099006653
