Car 0.0 0 -1.7557512521743774 681.1823120117188 181.67401123046875 777.7711181640625 247.7400360107422 3.992013 1.4003268 1.6131372 2.7753475 1.6436055 17.85001 -1.6015046834945679 0.9966540336608887
Car 0.0 0 -2.4518957138061523 0.0 168.35691833496094 282.4098815917969 328.21405029296875 4.2389836 1.6880604 1.7286686 -6.4533477 1.6409298 8.574339 -3.097081184387207 0.994843602180481
Car 0.0 0 -2.064232587814331 822.1309204101562 189.5552978515625 1242.0 375.0 3.6623976 1.4552838 1.5802822 2.9085448 1.6259084 5.5156116 -1.5789612531661987 0.9918890595436096
Car 0.0 0 -2.673008441925049 209.12054443359375 174.22305297851562 424.0039367675781 252.50259399414062 4.17546 1.6414818 1.6185547 -6.523088 1.6743431 16.144703 -3.0569918155670166 0.991141676902771
Car 0.0 0 -1.65811026096344 656.9676513671875 174.33009338378906 706.645751953125 217.37974548339844 3.8249183 1.584068 1.6160189 2.737851 1.6468617 28.597742 -1.56266450881958 0.9871060848236084
Car 0.0 0 -2.8159494400024414 327.2980041503906 170.8353729248047 474.38616943359375 233.5399932861328 3.7791257 1.7490109 1.6969332 -6.0734744 1.6930637 21.055262 -3.096780300140381 0.9824638962745667
Car 0.0 0 -2.8607800006866455 377.9873962402344 176.78338623046875 494.5718688964844 222.45367431640625 3.79069 1.5830979 1.6367434 -6.26136 1.7303433 26.066679 -3.0965192317962646 0.9195947051048279
Car 0.0 0 0.11703009158372879 398.5417175292969 174.45448303222656 501.4343566894531 218.1000213623047 3.8233688 1.6684241 1.680834 -6.330358 1.7346885 28.682026 -0.10019560903310776 0.8536362051963806
Car 0.0 0 -2.888016939163208 448.2796630859375 174.46978759765625 531.3948364257812 205.97198486328125 4.0531416 1.6160107 1.6205931 -6.3456664 1.7038996 38.09842 -3.0530617237091064 0.6897586584091187
Car 0.0 0 3.320225715637207 21.345436096191406 174.39784240722656 322.12579345703125 296.24798583984375 3.7160802 1.6327257 1.571465 -6.496493 1.659741 11.078167 2.789849042892456 0.6219626665115356
Car 0.0 0 -0.1542041003704071 785.2243041992188 159.5035400390625 861.0 184.91554260253906 4.362811 1.5597453 1.6885538 13.320896 0.7406752 45.40631 0.13116002082824707 0.37760043144226074
Car 0.0 0 -2.8733389377593994 347.718505859375 178.0335693359375 477.9437561035156 227.92922973632812 3.7717717 1.5433422 1.563982 -6.333778 1.7163776 23.265358 -3.1391379833221436 0.3507828116416931
Car 0.0 0 -1.7369238138198853 643.146728515625 178.37606811523438 689.6883544921875 211.46768188476562 3.875934 1.4679449 1.5988444 2.6129494 1.7490289 34.675575 -1.6617118120193481 0.3164997100830078
