Car 0.0 0 -2.015695571899414 807.89599609375 190.90415954589844 1222.7904052734375 375.0 3.9871185 1.3755265 1.6967106 3.2354143 1.5978823 6.873664 -1.5757637023925781 0.9960395097732544
Car 0.0 0 2.036471128463745 153.99859619140625 194.1112518310547 378.2222595214844 306.64276123046875 4.4648633 1.4989611 1.6892136 -5.7781286 1.9410763 12.727822 1.6103155612945557 0.9954184293746948
Car 0.0 0 -1.7524052858352661 689.6229858398438 179.84205627441406 761.8533325195312 232.8107452392578 3.644703 1.467855 1.5521814 3.444798 1.7022884 22.322523 -1.5992937088012695 0.9935093522071838
Car 0.0 0 1.8732932806015015 325.06915283203125 190.52732849121094 431.7397766113281 255.8740692138672 3.7223053 1.4105551 1.5467991 -5.8318853 1.9084164 18.444458 1.5670535564422607 0.9932518601417542
Car 0.0 0 -1.7985823154449463 734.6642456054688 178.04110717773438 891.9185180664062 288.2200012207031 4.0039244 1.5627689 1.6769354 3.2345068 1.6671631 12.445477 -1.5443133115768433 0.9851937890052795
Car 0.0 0 1.8378994464874268 426.61114501953125 184.83726501464844 495.9630126953125 230.07476806640625 4.0365286 1.5373878 1.5932825 -5.654101 2.0318034 27.679356 1.6364001035690308 0.9814196825027466
Car 0.0 0 -1.6915146112442017 674.3316650390625 179.1613006591797 729.4207153320312 221.7320098876953 4.182963 1.4814152 1.5953568 3.4198854 1.7432686 27.81887 -1.5691943168640137 0.9807975888252258
Car 0.0 0 -1.6641725301742554 656.9850463867188 175.9975128173828 696.0968017578125 207.69882202148438 3.9765375 1.5078316 1.6056883 3.2937646 1.6767788 36.702553 -1.5746701955795288 0.9419292211532593
Car 0.0 0 1.7423474788665771 496.49896240234375 180.34234619140625 533.0635986328125 207.4516143798828 3.5453336 1.5077441 1.5760545 -5.6547866 1.9723496 42.926567 1.6113699674606323 0.805620551109314
Car 0.0 0 2.362858295440674 0.0 208.01246643066406 116.71580505371094 375.0 3.8682318 1.6334335 1.590673 -5.8851814 1.9965622 5.486277 1.5423951148986816 0.4541255533695221
Car 0.0 0 0.7162965536117554 0.0 176.11302185058594 125.00198364257812 239.43446350097656 4.3865976 1.5710813 1.6081046 -15.438548 1.6605647 18.859175 0.030303001403808594 0.4020399749279022
