Car 0.0 0 -0.6579437255859375 918.2490844726562 187.92230224609375 1242.0 343.1239318847656 4.262553 1.4966679 1.6533463 5.850462 1.682856 8.011331 -0.027187572792172432 0.9952172040939331
Car 0.0 0 -1.6700439453125 660.7095947265625 180.00392150878906 726.3425903320312 232.18020629882812 4.1772404 1.4476597 1.6173228 2.4853425 1.6936395 22.687792 -1.5609335899353027 0.9949973821640015
Car 0.0 0 0.3814271092414856 229.07894897460938 182.26744079589844 428.0559387207031 251.6354217529297 3.8529139 1.4621516 1.6271695 -6.288668 1.6857561 16.271193 0.01262044906616211 0.9924293160438538
Car 0.0 0 -1.6274614334106445 648.1693115234375 178.79052734375 690.625732421875 216.69085693359375 3.8633602 1.5279527 1.6258963 2.5074873 1.804744 31.64616 -1.5483914613723755 0.9871037602424622
Car 0.0 0 0.6826541423797607 0.0 189.62091064453125 231.11988830566406 344.44683837890625 3.9594522 1.4882505 1.641442 -6.650705 1.693393 7.963105 -0.013178803026676178 0.9835879802703857
Car 0.0 0 0.5667331218719482 0.0 185.8168487548828 288.76678466796875 299.18499755859375 3.5635583 1.4696014 1.5427486 -6.778089 1.6698796 10.328953 -0.014003895223140717 0.9717041254043579
Car 0.0 0 -2.8451669216156006 395.357177734375 178.99815368652344 515.2901000976562 217.70419311523438 4.424688 1.4851836 1.6671648 -6.211864 1.741421 29.026676 -3.0559921264648438 0.9391748309135437
Car 0.0 0 -1.627578854560852 633.6837768554688 176.61624145507812 658.042724609375 197.9639129638672 3.8786168 1.4093148 1.4700944 2.4365869 1.6819069 50.262226 -1.579139232635498 0.8255394101142883
Car 0.0 0 0.3910827934741974 332.6852111816406 175.80767822265625 461.6059875488281 229.8809051513672 3.7186847 1.6863998 1.5908443 -6.9527802 1.7873803 23.592724 0.10449528694152832 0.819256067276001
Car 0.0 0 1.6457719802856445 553.1829833984375 179.23965454101562 580.8134155273438 201.35182189941406 3.7986338 1.3426853 1.5116642 -2.7859023 1.7743778 46.8246 1.5863454341888428 0.7739472389221191
Car 0.0 0 0.18185283243656158 433.2629699707031 177.38685607910156 533.2786254882812 212.59156799316406 4.438755 1.6135644 1.6128038 -5.9751253 1.8333812 34.105545 0.008417844772338867 0.7361834645271301
Car 0.0 0 -2.777500867843628 292.87054443359375 166.8517608642578 457.61669921875 231.88861083984375 3.856695 1.6453359 1.5400338 -6.1926436 1.4938463 19.11811 -3.0907511711120605 0.304194837808609
