Car 0.0 0 2.057870864868164 113.71504211425781 197.11070251464844 356.75201416015625 319.66455078125 4.228797 1.4753864 1.6424946 -5.7615905 1.9398711 11.666308 1.5991425514221191 0.9960170388221741
Car 0.0 0 -2.0598435401916504 843.326416015625 191.91456604003906 1242.0 375.0 3.929973 1.4448042 1.6226782 3.2187142 1.6496656 5.75736 -1.5500704050064087 0.995216965675354
Car 0.0 0 -1.7733694314956665 690.9937744140625 181.58050537109375 769.23681640625 238.57870483398438 3.6507316 1.4793134 1.5358763 3.377382 1.7579662 21.150122 -1.6150201559066772 0.9948293566703796
Car 0.0 0 1.9220422506332397 306.5268859863281 191.15037536621094 427.42767333984375 262.06866455078125 3.7048252 1.4320748 1.5732673 -5.761713 1.92161 17.412088 1.6024805307388306 0.9922143816947937
Car 0.0 0 1.8319001197814941 418.5434265136719 184.8446502685547 490.02508544921875 230.8957061767578 3.955969 1.4937693 1.5920198 -5.6603127 1.9675045 26.467163 1.6212122440338135 0.9878938794136047
Car 0.0 0 -1.8446595668792725 745.2068481445312 175.27157592773438 928.3504638671875 301.3304443359375 4.031002 1.612067 1.6251124 3.2500498 1.657138 11.321994 -1.5651196241378784 0.9869906306266785
Car 0.0 0 -1.6830321550369263 676.8926391601562 178.9917755126953 733.6776733398438 224.22422790527344 4.185802 1.5038072 1.600605 3.3947976 1.74888 26.660921 -1.556381344795227 0.9641873240470886
Car 0.0 0 -1.6798152923583984 657.447021484375 175.22161865234375 698.6825561523438 208.0619659423828 3.977461 1.5142338 1.5876098 3.2599742 1.637849 35.55772 -1.5883896350860596 0.9342043995857239
Car 0.0 0 1.7243778705596924 492.4596862792969 181.55575561523438 527.8859252929688 208.9865264892578 3.36865 1.480185 1.5327276 -5.763739 2.0039992 41.70494 1.5870450735092163 0.7478910088539124
Car 0.0 0 1.9204983711242676 266.69549560546875 170.963134765625 327.6971130371094 202.60960388183594 3.4501467 1.426715 1.573192 -14.832782 1.3418272 34.29439 1.512281060218811 0.5431735515594482
Car 0.0 0 -1.7309701442718506 650.3252563476562 176.52577209472656 690.5577392578125 204.56802368164062 4.1496663 1.4962851 1.6371249 3.3599362 1.7171117 41.188587 -1.64957594871521 0.5095558762550354
