Car 0.0 0 -1.753493070602417 687.7172241210938 184.59764099121094 790.6397094726562 259.830810546875 3.7869816 1.4417046 1.5915426 2.7393394 1.7388484 16.325663 -1.5872482061386108 0.9900230765342712
Car 0.0 0 -1.6914933919906616 670.9177856445312 176.2000732421875 743.7390747070312 232.53707885742188 4.015289 1.5283611 1.6843458 2.79613 1.639276 21.824196 -1.564067006111145 0.9893250465393066
Car 0.0 0 0.3431061804294586 241.33055114746094 170.21261596679688 445.9816589355469 242.17788696289062 4.372354 1.6684251 1.6631539 -6.416473 1.607546 17.57207 -0.007002626545727253 0.9862772822380066
Car 0.0 0 -1.8217601776123047 717.3355712890625 169.8848114013672 908.6659545898438 310.3650817871094 4.207599 1.7059643 1.6769896 2.7267275 1.670265 10.86754 -1.5759292840957642 0.9859208464622498
Car 0.0 0 0.684661328792572 0.0 183.97999572753906 301.081787109375 342.634521484375 4.2270412 1.5371988 1.7236241 -5.9936333 1.6770129 8.0819845 0.046555280685424805 0.9848960638046265
Car 0.0 0 0.5016055703163147 0.0 183.21102905273438 335.7203369140625 301.0063171386719 4.149307 1.5277469 1.5905246 -6.384148 1.6903874 10.407781 -0.04860972613096237 0.9807779788970947
Car 0.0 0 -1.5656142234802246 637.0784301757812 174.05026245117188 664.2027587890625 200.7911376953125 4.0393143 1.5726466 1.6013947 2.4914331 1.65051 44.680687 -1.509911060333252 0.9769039750099182
Car 0.0 0 0.4050544202327728 193.65509033203125 173.49659729003906 407.50048828125 255.32403564453125 3.7859762 1.6230526 1.6483227 -6.429061 1.637649 15.153423 0.0038068294525146484 0.9438350796699524
Car 0.0 0 -1.6737757921218872 645.7276611328125 175.68353271484375 690.2003784179688 211.1279754638672 4.062774 1.5587531 1.6731595 2.639358 1.7009276 34.108498 -1.5965484380722046 0.907054603099823
Car 0.0 0 -2.964754581451416 446.318115234375 173.8331756591797 524.23193359375 207.94003295898438 3.7050095 1.7077785 1.6634463 -6.392075 1.7595172 37.01657 -3.1357498168945312 0.8781216144561768
Car 0.0 0 -2.867763042449951 354.09332275390625 173.3295440673828 489.2059326171875 224.6584930419922 4.1347413 1.6803236 1.7221581 -6.373687 1.6974485 24.536083 -3.1219136714935303 0.8323346376419067
Car 0.0 0 3.2548491954803467 416.8213195800781 177.9588623046875 510.7285461425781 213.29409790039062 3.9406602 1.5115538 1.60392 -6.485301 1.7459663 32.110916 3.0555644035339355 0.7528893947601318
Car 0.0 0 0.37787315249443054 104.16098022460938 180.51402282714844 365.6003723144531 276.6340026855469 3.8374104 1.5743952 1.6366045 -6.6154394 1.723018 12.968642 -0.09383001178503036 0.6665313243865967
Car 0.0 0 0.6126795411109924 333.7531433105469 177.146484375 466.8456115722656 230.802490234375 3.628326 1.5217701 1.6238321 -6.4333925 1.6612674 22.031734 0.32857298851013184 0.44668349623680115
Car 0.0 0 1.3846291303634644 753.7420654296875 162.22654724121094 792.4815063476562 191.2289581298828 3.8401775 1.6234564 1.5234855 9.483933 1.0289254 42.331505 1.6050292253494263 0.36751314997673035
Car 0.0 0 -2.8982491493225098 471.24639892578125 171.64431762695312 540.756103515625 199.72930908203125 3.9607875 1.6971396 1.7209406 -6.437336 1.6243981 44.65306 -3.041426181793213 0.33195585012435913
