Cyclist 0.0 0 1.6765180826187134 478.3822021484375 175.0413818359375 501.3443908691406 239.1848907470703 1.5139321 1.7130343 0.4770875 -3.3806949 1.7766373 20.08946 1.5097981691360474 0.6759636998176575
Car 0.0 0 0.5996763706207275 0.0 189.16201782226562 276.105224609375 315.2362976074219 4.175255 1.4554162 1.6682993 -6.9080973 1.6899188 9.458065 -0.031157175078988075 0.9919655323028564
Car 0.0 0 -1.6929218769073486 630.5886840820312 179.4473114013672 683.7162475585938 219.94371032714844 4.3138547 1.4722362 1.6090487 1.7854657 1.7590858 29.147486 -1.6317421197891235 0.9913985729217529
Car 0.0 0 2.5552499294281006 850.8136596679688 176.51629638671875 1172.2109375 287.802001953125 3.968539 1.4941435 1.5919722 5.7797866 1.5538948 10.723864 3.049581527709961 0.991094172000885
Car 0.0 0 -0.3047288656234741 768.847412109375 175.8391571044922 963.0888061523438 254.3423309326172 3.7045207 1.6270797 1.6436108 5.4704323 1.6967921 15.889534 0.0268402099609375 0.9791350364685059
Car 0.0 0 2.710463523864746 786.8472290039062 177.7281036376953 1031.0306396484375 266.4433288574219 3.933705 1.5474492 1.6189117 5.4585304 1.6457253 13.587475 3.0924625396728516 0.9763662815093994
Car 0.0 0 0.5072641372680664 23.595922470092773 168.6171112060547 324.1048889160156 283.3489990234375 3.952796 1.7549306 1.6372677 -7.070464 1.6904812 11.908529 -0.028533129021525383 0.9449344277381897
Car 0.0 0 -0.6275191307067871 964.6181640625 179.5299835205078 1242.0 329.3819274902344 3.8996491 1.4999774 1.5564531 6.279735 1.5833308 8.130797 0.030126571655273438 0.9283713102340698
Car 0.0 0 -2.8240654468536377 356.6176452636719 179.75762939453125 483.8756103515625 223.428955078125 4.144666 1.4978681 1.5623038 -6.808132 1.7550821 25.937069 -3.080761194229126 0.8441439867019653
Car 0.0 0 0.20638234913349152 334.3454895019531 173.55096435546875 455.330810546875 219.46502685546875 3.4832497 1.4179039 1.5912418 -6.8992987 1.4416212 23.243837 -0.0821569412946701 0.5528665781021118
