Car 0.0 0 1.9359474182128906 274.9934997558594 183.67990112304688 434.1786804199219 280.5263671875 3.7364151 1.5236522 1.586934 -4.6875424 1.7575399 13.667187 1.6055420637130737 0.9982896447181702
Car 0.0 0 -1.9888534545898438 813.9712524414062 180.99325561523438 1097.885498046875 348.732666015625 3.7287414 1.5220308 1.5613308 3.7043982 1.6405509 8.599174 -1.5820927619934082 0.997744083404541
Car 0.0 0 1.819183349609375 375.6339111328125 183.4230194091797 481.77703857421875 248.62420654296875 4.2060814 1.4594793 1.7044795 -4.654023 1.7682284 18.941507 1.5782511234283447 0.9976540207862854
Car 0.0 0 2.0979790687561035 0.0 190.4810028076172 340.9325866699219 375.0 4.298178 1.5372369 1.6535307 -4.741156 1.7902834 8.189659 1.5732040405273438 0.9965655207633972
Car 0.0 0 -1.8405134677886963 737.1088256835938 178.21026611328125 884.4700317382812 273.5904846191406 3.9484267 1.529475 1.6601937 3.5830007 1.6468756 13.777315 -1.586084246635437 0.9965127110481262
Car 0.0 0 -1.7716468572616577 712.6731567382812 178.08692932128906 804.4700927734375 243.2279510498047 3.7789361 1.5187134 1.6180328 3.7484984 1.6707599 19.018213 -1.5770409107208252 0.9950116872787476
Car 0.0 0 1.6773979663848877 502.1818542480469 179.1488494873047 544.3549194335938 212.4676513671875 3.7514005 1.5001519 1.646884 -4.200677 1.8230529 35.082397 1.5582278966903687 0.9867239594459534
Car 0.0 0 -1.7237615585327148 699.29638671875 177.23863220214844 763.546875 226.65670776367188 3.4062698 1.539732 1.6340507 4.001025 1.6993346 24.492283 -1.5618332624435425 0.9433334469795227
Car 0.0 0 1.6833910942077637 519.22705078125 178.55575561523438 557.0189819335938 208.39907836914062 3.7765217 1.5225663 1.6425987 -3.9151711 1.8495724 39.434166 1.5844316482543945 0.8108187317848206
Car 0.0 0 -1.7355797290802002 683.607177734375 180.55923461914062 738.5498046875 219.35372924804688 3.9885607 1.4605757 1.6123136 4.083797 1.8026662 29.980839 -1.6001993417739868 0.7595771551132202
