Cyclist 0.0 0 1.658491849899292 484.5572204589844 175.88864135742188 508.5912780761719 234.97325134277344 1.5559279 1.6813874 0.57374436 -3.3993003 1.7751431 21.408104 1.5010207891464233 0.7637181282043457
Car 0.0 0 -0.5487781763076782 844.67138671875 178.11257934570312 1138.8271484375 274.863525390625 3.9822912 1.4273652 1.5693368 5.995568 1.5196003 11.673542 -0.0743074119091034 0.9952062964439392
Car 0.0 0 -1.678390622138977 632.074462890625 179.39654541015625 680.8767700195312 218.2963409423828 4.0144415 1.4744476 1.59226 1.8293731 1.7660595 30.07553 -1.6176395416259766 0.9943625926971436
Car 0.0 0 0.5671377182006836 0.0 182.69700622558594 303.748779296875 295.8871765136719 3.9823601 1.4816922 1.6755142 -6.837936 1.6364557 10.454084 -0.01210892666131258 0.9916457533836365
Car 0.0 0 2.702183961868286 780.636962890625 176.8360137939453 1023.384521484375 259.1394958496094 4.219559 1.5335872 1.6610392 5.7021465 1.6193134 14.500589 3.076845407485962 0.9871138334274292
Car 0.0 0 -0.6212203502655029 940.0182495117188 184.73045349121094 1242.0 315.1968994140625 3.729726 1.4820241 1.5500219 6.3464394 1.6460855 9.141158 -0.014349793083965778 0.9687498211860657
Car 0.0 0 -0.29851233959198 762.1483764648438 177.96240234375 958.2034912109375 251.92596435546875 4.0240636 1.6266159 1.6155394 5.675054 1.7523475 16.84498 0.0264437198638916 0.9624435305595398
Car 0.0 0 0.4757119119167328 79.02281188964844 168.48179626464844 354.2740783691406 275.0473327636719 4.0453105 1.7968768 1.6985744 -6.997309 1.7235118 13.046329 -0.01658579520881176 0.9365922212600708
Car 0.0 0 -2.8360562324523926 343.4903564453125 175.14559936523438 460.5905456542969 219.52200317382812 3.4583135 1.4291859 1.5542827 -6.9442005 1.5088304 24.140747 -3.1161489486694336 0.8992627263069153
Car 0.0 0 -3.821115493774414 1010.798583984375 193.3974609375 1242.0 375.0 3.5622382 1.410417 1.5771487 5.8688865 1.6249602 6.6552773 -3.0984249114990234 0.7853225469589233
Car 0.0 0 -2.710721015930176 370.90948486328125 179.12017822265625 485.159912109375 222.85633850097656 3.8426478 1.5483313 1.5600151 -6.814812 1.7927104 26.97844 -2.9581472873687744 0.7622722387313843
