Cyclist 0.0 0 1.774222493171692 320.6785888671875 177.1141357421875 388.72320556640625 325.0351257324219 1.3822266 1.7135614 0.5464355 -3.247955 1.7720443 9.119618 1.4320790767669678 0.6344594359397888
Car 0.0 0 -1.7192294597625732 640.5089111328125 175.0823974609375 715.23779296875 231.09410095214844 4.0845304 1.4860293 1.590949 1.8628992 1.5589144 21.393585 -1.6323710680007935 0.9936980605125427
Car 0.0 0 2.4863674640655518 918.6836547851562 159.34994506835938 1242.0 327.3805236816406 3.885827 1.682609 1.6602271 5.722429 1.5477412 8.133718 3.0994679927825928 0.9486702084541321
Car 0.0 0 -2.7051680088043213 181.1889190673828 172.2877960205078 379.31243896484375 242.60079956054688 3.5405033 1.4413149 1.6481104 -7.084582 1.4300665 15.631003 -3.1307122707366943 0.9390981793403625
Car 0.0 0 -2.7180604934692383 242.4007110595703 178.3850860595703 426.25372314453125 241.113525390625 4.0356307 1.4893817 1.5998309 -6.9214272 1.6364166 18.211346 -3.081260919570923 0.8684341907501221
Car 0.0 0 -1.6869837045669556 621.2317504882812 174.57565307617188 660.537353515625 204.91094970703125 3.619293 1.4516416 1.5731479 1.4817438 1.5437865 36.60071 -1.646521806716919 0.8517347574234009
Car 0.0 0 -2.781942367553711 297.43841552734375 176.5806121826172 438.07769775390625 224.9552459716797 4.0108013 1.4934732 1.5420594 -7.7834053 1.6182716 23.247187 -3.1050219535827637 0.6605257391929626
Car 0.0 0 -2.8661937713623047 367.96441650390625 173.8232421875 477.169677734375 218.961669921875 3.9437654 1.7634162 1.7452115 -7.5497584 1.804152 29.140331 -3.1197025775909424 0.4922434389591217
Car 0.0 0 0.45665109157562256 465.985595703125 171.42938232421875 526.1162719726562 195.21630859375 3.7549324 1.5960624 1.6456375 -7.8772497 1.5008302 49.751514 0.2996227741241455 0.41519245505332947
Car 0.0 0 0.24618040025234222 423.7294006347656 176.0574951171875 498.5250549316406 204.32913208007812 3.7304268 1.5064702 1.6316347 -8.156809 1.6863738 39.54236 0.04275345802307129 0.40635961294174194
Car 0.0 0 3.266833782196045 455.96234130859375 174.82693481445312 525.2763061523438 196.88046264648438 4.2903824 1.4057676 1.625699 -7.772405 1.5372171 47.045433 3.103102207183838 0.39589837193489075
