Pedestrian 0.0 0 1.3334983587265015 491.0680847167969 164.57972717285156 525.5938110351562 239.65309143066406 0.94367754 1.7537125 0.6188078 -2.288836 1.3596599 17.329308 1.2021795511245728 0.9796440601348877
Pedestrian 0.0 0 -0.11856140941381454 593.0718383789062 165.52491760253906 630.5459594726562 228.73692321777344 0.9852676 1.7404441 0.5900956 0.25385818 1.3017488 20.121113 -0.10594557225704193 0.7439340949058533
Pedestrian 0.0 0 -2.247480630874634 466.30035400390625 165.427001953125 503.5396423339844 239.11407470703125 0.6614272 1.7346957 0.60769236 -2.8497894 1.3575177 17.355003 -2.410233736038208 0.6983122825622559
Pedestrian 0.0 0 -1.2855823040008545 753.01171875 151.81236267089844 847.7689208984375 351.57232666015625 0.7067637 1.6968176 0.6674932 1.7799144 1.4460284 6.5747952 -1.021201491355896 0.5644144415855408
Pedestrian 0.0 0 -0.3289518356323242 545.4086303710938 164.78848266601562 597.5054321289062 234.2313995361328 1.2871851 1.8057953 0.526018 -0.83180887 1.3724008 19.156113 -0.3723472058773041 0.5288407802581787
Pedestrian 0.0 0 -2.0080974102020264 605.948486328125 162.95018005371094 639.1775512695312 226.64682006835938 0.717913 1.6419165 0.6312534 0.5211511 1.1649306 18.96899 -1.9806303977966309 0.46187230944633484
Pedestrian 0.0 0 -1.3097634315490723 584.5149536132812 166.40652465820312 607.6970825195312 215.19158935546875 1.2601008 1.7938614 0.5705388 -0.2126323 1.2399044 27.092487 -1.3176116943359375 0.35466238856315613
Pedestrian 0.0 0 0.44142240285873413 232.22286987304688 170.8685302734375 319.01690673828125 325.3486328125 0.70828986 1.708915 0.6344495 -3.7790163 1.5926604 8.265528 0.012595415115356445 0.3444930911064148
Pedestrian 0.0 0 -0.902980625629425 624.4005126953125 167.53407287597656 656.6708374023438 228.64694213867188 0.8128341 1.739646 0.5559735 1.113104 1.3432326 20.934387 -0.8498595952987671 0.34440818428993225
Pedestrian 0.0 0 -2.7238144874572754 482.9897766113281 161.1207733154297 515.7131958007812 229.66458129882812 0.75323385 1.9098439 0.5719608 -2.924165 1.3431647 20.390038 -2.8662548065185547 0.3328130543231964
