Car 0.0 0 -1.7298049926757812 676.1458129882812 177.54129028320312 750.7889404296875 233.4971923828125 4.1471753 1.5364856 1.6144879 3.0388043 1.6950059 22.252134 -1.594082236289978 0.9986296892166138
Car 0.0 0 -1.7783801555633545 707.4998168945312 182.43746948242188 847.4149780273438 275.09124755859375 4.1362696 1.3568381 1.5787038 2.7794597 1.5582066 13.061524 -1.5687100887298584 0.9973148703575134
Car 0.0 0 0.40468358993530273 303.9508056640625 180.88760375976562 477.76190185546875 235.48175048828125 4.205215 1.3761389 1.6161747 -5.9101443 1.6054505 19.525148 0.11075711250305176 0.9777163863182068
Car 0.0 0 1.561545968055725 553.7575073242188 176.45274353027344 586.6627197265625 206.9287109375 3.785877 1.4734813 1.6119765 -2.1136558 1.6694926 37.28336 1.5049148797988892 0.9703026413917542
Car 0.0 0 0.44360727071762085 180.2632293701172 171.8476104736328 423.75018310546875 259.3234558105469 4.136184 1.6156175 1.5705078 -5.996303 1.5973883 14.199057 0.04402327537536621 0.9689825773239136
Car 0.0 0 -1.678628921508789 652.140380859375 173.34327697753906 688.2587280273438 200.6531219482422 4.0106716 1.4664971 1.6049217 3.3231735 1.4959254 40.841324 -1.5974398851394653 0.9435264468193054
Car 0.0 0 0.31765809655189514 353.55963134765625 179.24798583984375 492.4260559082031 228.56056213378906 3.8410294 1.4375471 1.5341133 -5.7265396 1.6421115 22.151608 0.06468081474304199 0.9341333508491516
Car 0.0 0 -2.2739675045013428 0.0 201.80914306640625 247.29269409179688 375.0 4.079304 1.4195422 1.6564883 -6.0349526 1.7527821 7.1388373 -2.975766897201538 0.8493893146514893
Car 0.0 0 -2.819465160369873 414.3563232421875 177.145751953125 517.469970703125 215.14256286621094 3.6894667 1.4344184 1.5462985 -5.6875353 1.6099925 28.45811 -3.0167226791381836 0.8277826905250549
Car 0.0 0 -2.533259153366089 37.76309585571289 175.03231811523438 387.926513671875 306.7510681152344 3.8987794 1.5843339 1.6805708 -5.2807918 1.617362 9.764857 -3.029008150100708 0.8044505715370178
Car 0.0 0 -3.0119693279266357 491.26129150390625 173.6714324951172 551.4833374023438 199.05979919433594 3.4794457 1.5221788 1.5916516 -5.419697 1.573438 44.118355 -3.1342015266418457 0.7143555283546448
Car 0.0 0 -2.599569320678711 233.1291961669922 175.6553955078125 413.9573059082031 245.70956420898438 3.6170762 1.5210279 1.5975145 -6.672524 1.5909677 16.834536 -2.976933240890503 0.6350574493408203
Car 0.0 0 0.40040168166160583 390.93658447265625 176.59625244140625 514.1189575195312 223.10299682617188 3.8102372 1.514938 1.6290702 -5.4276457 1.6501039 24.837887 0.18526077270507812 0.5986250042915344
