Pedestrian 0.0 0 1.8971409797668457 259.6947326660156 167.10130310058594 308.2037048339844 257.0426330566406 1.0455338 1.7693225 0.6058873 -6.5077186 1.4873213 14.676583 1.479782223701477 0.8427311182022095
Pedestrian 0.0 0 -1.5519717931747437 777.478271484375 149.2170867919922 816.2529296875 260.59356689453125 0.5699922 1.7544748 0.5935112 3.134668 1.2472304 11.66923 -1.2895402908325195 0.8358732461929321
Pedestrian 0.0 0 1.4460270404815674 669.0010375976562 155.8867645263672 710.9007568359375 261.4119567871094 0.8320303 1.746183 0.60911316 1.4622972 1.3236343 12.30204 1.5643380880355835 0.8130039572715759
Pedestrian 0.0 0 -1.4831979274749756 608.476806640625 162.22720336914062 646.1395874023438 264.50360107421875 0.7447053 1.6642767 0.5735704 0.4022001 1.351954 12.0905905 -1.4499446153640747 0.7479813694953918
Pedestrian 0.0 0 -2.1422204971313477 861.2574462890625 141.6864776611328 970.122802734375 342.5375061035156 0.8197983 1.7552193 0.5785025 2.8673406 1.4086754 6.7274575 -1.7393215894699097 0.7146490812301636
Pedestrian 0.0 0 1.9331549406051636 642.5568237304688 162.5765380859375 685.272216796875 254.80548095703125 0.7880401 1.6444019 0.5448275 1.1217625 1.3082769 13.278021 2.01743745803833 0.6970130205154419
Pedestrian 0.0 0 -1.651890754699707 719.3672485351562 157.1592559814453 742.71142578125 223.952880859375 0.64217794 1.5486144 0.49084297 3.026169 0.9854795 16.994974 -1.475675106048584 0.4663742184638977
Pedestrian 0.0 0 2.224555492401123 1132.890869140625 141.05751037597656 1229.3482666015625 306.97772216796875 0.62614894 1.6749213 0.5184737 6.054983 1.2680312 7.5756783 2.89884877204895 0.4203398525714874
Pedestrian 0.0 0 1.446871280670166 665.2155151367188 156.7741241455078 692.5272216796875 221.55517578125 0.42229366 1.9055566 0.7595446 2.2687457 1.1793674 21.345411 1.5527609586715698 0.35855260491371155
Car 0.0 0 1.6938937902450562 466.43524169921875 165.49551391601562 557.4287109375 243.27798461914062 4.405808 1.7355756 1.7470928 -2.1660628 1.3796818 18.232855 1.5756480693817139 0.8997212052345276
