Car 0.0 0 1.8302245140075684 358.77423095703125 190.94244384765625 477.64794921875 271.7727966308594 3.7953172 1.413196 1.5051067 -3.979548 1.8465163 15.365728 1.5768040418624878 0.9935077428817749
Car 0.0 0 1.992861270904541 39.485294342041016 195.65493774414062 410.3091125488281 375.0 4.6737013 1.4317604 1.6823832 -3.7325091 1.759782 8.018125 1.557185173034668 0.9921814203262329
Car 0.0 0 1.8942859172821045 355.5864562988281 191.8004608154297 441.40264892578125 244.8717803955078 3.6181293 1.4317894 1.5042245 -6.570045 2.0742962 22.613993 1.611539602279663 0.9716150760650635
Car 0.0 0 -1.6424272060394287 650.154052734375 178.48257446289062 695.5178833007812 216.90399169921875 3.7715719 1.4433467 1.5705903 2.4725158 1.6890442 29.55284 -1.5589573383331299 0.9091020226478577
Car 0.0 0 -0.3318294286727905 778.8441772460938 165.10586547851562 937.5218505859375 214.4032440185547 4.403551 1.4884483 1.6603049 7.6475654 1.2548652 22.625925 -0.0058846743777394295 0.8725408911705017
Car 0.0 0 1.6097556352615356 481.2425537109375 184.86376953125 510.1506042480469 210.02383422851562 3.7540612 1.4422036 1.6451682 -7.1521397 2.2274055 45.18935 1.452787160873413 0.7991340160369873
Car 0.0 0 -0.8571622371673584 0.0 211.77830505371094 194.99598693847656 375.0 3.8082912 1.4484296 1.5420212 -6.6039143 1.9881945 8.071303 -1.5429006814956665 0.7357755303382874
Car 0.0 0 1.7630270719528198 438.6722717285156 183.62210083007812 490.0022888183594 217.27197265625 4.1169233 1.4266661 1.6112359 -6.8245387 1.9648545 33.972343 1.564780592918396 0.5741114020347595
Car 0.0 0 -1.7187225818634033 743.8486938476562 166.00985717773438 790.1569213867188 201.861328125 3.6985564 1.5342013 1.5142647 7.030087 1.241676 32.767742 -1.5073833465576172 0.5674946308135986
Car 0.0 0 -0.4425504505634308 768.7762451171875 158.16537475585938 893.1468505859375 202.9007110595703 3.9329464 1.5245456 1.5769247 7.7717366 1.0243268 25.657299 -0.14843019843101501 0.4431907534599304
