Car 0.0 0 1.8373345136642456 401.2913818359375 186.59605407714844 476.7800598144531 236.88377380371094 3.9587255 1.523719 1.5484608 -5.8578835 2.037752 24.96218 1.6068350076675415 0.9975302815437317
Car 0.0 0 -1.7474853992462158 688.3634643554688 177.0087890625 779.0242309570312 237.9969024658203 4.0477552 1.4539032 1.6975001 3.1712744 1.5783635 19.512455 -1.586368441581726 0.9966493248939514
Car 0.0 0 1.8911323547363281 291.5546875 195.3980255126953 419.5657958984375 268.2833251953125 4.1696596 1.4271605 1.682599 -6.041063 2.0403252 17.515966 1.5590181350708008 0.9961058497428894
Car 0.0 0 -1.6756610870361328 672.1334838867188 176.9281005859375 732.5767822265625 224.7533416748047 3.9414217 1.5043877 1.6543108 3.0747507 1.6572238 25.016884 -1.5533673763275146 0.9797176718711853
Car 0.0 0 2.0284552574157715 120.94078826904297 202.0511932373047 336.9905090332031 323.9334411621094 3.6815293 1.4932855 1.5623149 -5.8897123 2.03703 11.574947 1.557766318321228 0.9767202734947205
Car 0.0 0 2.526318073272705 977.7939453125 136.2366485595703 1242.0 229.1072998046875 4.1122766 1.6391034 1.536127 9.289467 0.99319005 13.527716 3.128061294555664 0.9742180705070496
Car 0.0 0 1.7638509273529053 444.6224060058594 187.65769958496094 498.4000549316406 224.71786499023438 3.7624912 1.4179069 1.5754285 -5.920175 2.0928729 30.993256 1.575109601020813 0.9737165570259094
Car 0.0 0 2.269893169403076 0.0 215.7292022705078 186.44361877441406 375.0 3.7851639 1.4337984 1.5418473 -5.8440614 1.9456732 6.6991425 1.5525606870651245 0.9509882926940918
Car 0.0 0 -1.633913516998291 659.8828735351562 177.89588928222656 696.8993530273438 211.38156127929688 3.6481335 1.5099038 1.5464387 3.225596 1.7672833 34.933624 -1.541839599609375 0.9376011490821838
Car 0.0 0 2.583031177520752 881.4559936523438 159.3029022216797 1053.6893310546875 224.6456756591797 3.6927257 1.5880896 1.5642298 9.051937 1.2591021 18.502296 3.0380282402038574 0.8618550896644592
Car 0.0 0 2.5151772499084473 932.927001953125 142.165771484375 1132.4549560546875 215.3568115234375 3.6236105 1.5287223 1.5169176 9.250372 0.88810295 16.007555 3.0391697883605957 0.8370206952095032
Car 0.0 0 -1.592574119567871 748.51123046875 171.93995666503906 849.9551391601562 270.2738342285156 3.6886432 1.5955019 1.617319 3.4665165 1.5810288 13.68321 -1.3444535732269287 0.4819498062133789
Car 0.0 0 -1.6793341636657715 646.8506469726562 177.6129608154297 681.9308471679688 205.83677673339844 3.9880176 1.4811167 1.5335987 2.9750397 1.7623492 40.562767 -1.6061211824417114 0.399952232837677
Car 0.0 0 1.6104665994644165 521.6642456054688 183.9076690673828 543.9097290039062 202.66651916503906 3.5959473 1.3241211 1.5452965 -5.87829 2.194587 54.94872 1.5038942098617554 0.39113864302635193
Car 0.0 0 1.72621750831604 484.5149841308594 183.2932586669922 523.6813354492188 212.62672424316406 3.7982032 1.5099077 1.6023098 -5.9141626 2.1224375 40.40207 1.5808671712875366 0.3124680817127228
