Car 0.0 0 -1.7809559106826782 704.2149047851562 185.8167724609375 819.2516479492188 265.9363098144531 3.5996327 1.4266524 1.5303432 2.9432602 1.4415339 14.632318 -1.5824568271636963 0.9947046637535095
Car 0.0 0 -1.6899306774139404 652.4611206054688 180.32107543945312 706.3870239257812 221.1787109375 3.997361 1.4979494 1.6366427 2.7167482 1.3196309 28.368866 -1.594456672668457 0.9934091567993164
Car 0.0 0 1.8873372077941895 258.3101501464844 186.3803253173828 447.1731262207031 304.0317687988281 3.788583 1.4819196 1.5742021 -3.7014108 1.50394 10.989247 1.562450885772705 0.9928459525108337
Car 0.0 0 1.7362041473388672 439.354736328125 181.57681274414062 511.56036376953125 233.96615600585938 3.5045063 1.4429449 1.5707959 -3.9228914 1.3438512 21.558983 1.5562125444412231 0.9904244542121887
Car 0.0 0 2.1519222259521484 0.0 178.28135681152344 223.26434326171875 292.4870910644531 3.911072 1.5587529 1.6198467 -8.170443 1.4652398 11.782925 1.5456303358078003 0.9860535264015198
Car 0.0 0 1.722662329673767 478.9765319824219 180.0177764892578 532.6807861328125 217.72396850585938 3.83539 1.4521232 1.6277937 -4.1641493 1.2530745 29.607887 1.5829355716705322 0.9781706929206848
Car 0.0 0 1.8355342149734497 380.6535949707031 182.64720153808594 441.0917053222656 215.27882385253906 3.6525638 1.3244941 1.6137139 -8.450678 1.2213725 31.001474 1.5694103240966797 0.9455409049987793
Car 0.0 0 1.549180507659912 584.8667602539062 178.87118530273438 607.3702392578125 198.87606811523438 4.0306635 1.398747 1.5435252 -0.89679617 0.95626855 52.302605 1.5320359468460083 0.9335500597953796
Car 0.0 0 1.995847463607788 270.1924133300781 185.346435546875 382.573974609375 240.9376678466797 3.7857342 1.4389204 1.5602986 -7.9429975 1.4441404 20.545797 1.626946210861206 0.9178440570831299
Car 0.0 0 1.6718016862869263 502.0432434082031 178.5957794189453 537.6031494140625 205.82794189453125 3.9059486 1.4595419 1.6040173 -4.933215 1.1058705 40.493008 1.5505702495574951 0.9137474298477173
Car 0.0 0 0.05123932659626007 540.1763305664062 177.2510986328125 587.0034790039062 196.1686248779297 3.8099344 1.5516385 1.6498946 -3.6599998 0.89950424 59.801437 -0.0098869688808918 0.8604426980018616
Car 0.0 0 -1.573750615119934 626.6130981445312 178.34912109375 647.1715698242188 196.78640747070312 3.6365483 1.4019074 1.5627103 2.266609 0.880929 56.50158 -1.5336562395095825 0.7872512340545654
Car 0.0 0 -1.6015208959579468 614.515625 178.09613037109375 633.1134033203125 194.04876708984375 4.0440073 1.4497644 1.613629 1.4714797 0.80387366 67.35445 -1.5796775817871094 0.5891664028167725
