Car 0.0 0 -1.973496913909912 768.6748657226562 197.99978637695312 1111.1435546875 375.0 3.9186985 1.3600005 1.5557288 2.8151376 1.6832571 7.2781744 -1.6044286489486694 0.996966540813446
Car 0.0 0 -1.7609062194824219 701.4368896484375 183.47531127929688 809.30029296875 258.4078369140625 4.09651 1.4445752 1.6335232 3.1301053 1.7186282 16.539429 -1.5738672018051147 0.9949471354484558
Car 0.0 0 -2.5300183296203613 0.0 172.4889678955078 326.85552978515625 327.5119323730469 4.22278 1.6585822 1.6365931 -5.8470182 1.6550347 8.561313 -3.1292150020599365 0.9924200177192688
Car 0.0 0 -1.707650065422058 658.1290283203125 177.44000244140625 702.3279418945312 211.5930633544922 4.0161123 1.5393583 1.594728 3.3184526 1.7758348 35.106743 -1.613405466079712 0.9839569926261902
Car 0.0 0 1.6147364377975464 543.8311767578125 181.38584899902344 584.9631958007812 215.99777221679688 3.6762393 1.3820221 1.637487 -1.9834893 1.7776783 31.5744 1.5519993305206299 0.9768307209014893
Car 0.0 0 0.4468439817428589 265.9112854003906 182.34193420410156 458.5127868652344 251.60060119628906 3.8952837 1.467738 1.5481558 -5.664669 1.6989634 16.557728 0.11720967292785645 0.9748237729072571
Car 0.0 0 -2.509891986846924 186.09364318847656 178.3735809326172 418.1552429199219 266.4752197265625 3.9198143 1.5243999 1.582288 -5.9090033 1.6400046 13.848348 -2.913196325302124 0.9457253813743591
Car 0.0 0 -2.5644876956939697 37.00802230834961 177.0402374267578 332.7698974609375 280.37347412109375 3.6477542 1.4609414 1.6507653 -6.4976807 1.5315608 11.190126 -3.090566635131836 0.8912909030914307
Car 0.0 0 -2.761697769165039 363.3898010253906 179.66622924804688 493.5384521484375 231.32046508789062 3.6685274 1.5405793 1.5767757 -5.737806 1.7660285 22.812992 -3.00810170173645 0.8800836801528931
Car 0.0 0 0.5273761749267578 306.5441589355469 181.3502197265625 456.5816955566406 238.70079040527344 3.7297947 1.4946573 1.6138672 -6.451865 1.7487556 20.350956 0.22036957740783691 0.8248252272605896
Car 0.0 0 0.021409079432487488 468.6700134277344 175.8660888671875 538.5562744140625 206.3550262451172 3.6110082 1.5734041 1.7139206 -5.6876698 1.7390715 38.520973 -0.12518301606178284 0.8205652832984924
