Car 0.0 0 3.633206844329834 53.74243927001953 184.5679931640625 355.4288330078125 287.363525390625 3.909505 1.4974093 1.6111059 -6.357434 1.6984152 11.526662 3.129180908203125 0.9977795481681824
Car 0.0 0 0.44043663144111633 300.5511169433594 175.55838012695312 469.0226135253906 240.4707489013672 3.8357332 1.5744612 1.6159794 -5.8086834 1.6487312 18.652124 0.1385340690612793 0.989565372467041
Car 0.0 0 -0.5500398278236389 901.7449951171875 180.02125549316406 1242.0 314.53973388671875 4.1193337 1.5284574 1.6567802 6.0553346 1.6289885 9.186471 0.032746315002441406 0.986514151096344
Car 0.0 0 0.2249438762664795 453.02484130859375 178.7592315673828 535.5960083007812 208.94287109375 3.9217238 1.4926964 1.5914388 -5.926482 1.8031592 36.96455 0.06596803665161133 0.9680997729301453
Car 0.0 0 -3.45835280418396 787.6348266601562 180.23489379882812 962.994873046875 237.33242797851562 4.055704 1.4227287 1.5564591 6.8480825 1.626317 19.028435 -3.1128973960876465 0.9676065444946289
Car 0.0 0 -0.4209149479866028 808.1972045898438 183.0995635986328 1011.02783203125 251.3336639404297 4.0129385 1.4746407 1.7071089 6.8145075 1.7266036 16.792318 -0.035409148782491684 0.9613303542137146
Car 0.0 0 -0.19584567844867706 707.0990600585938 178.53846740722656 824.9269409179688 218.99591064453125 4.322789 1.5443311 1.7066956 6.0852385 1.7775254 28.669485 0.013305187225341797 0.954954981803894
Car 0.0 0 -2.712862253189087 159.91424560546875 177.00559997558594 410.1184387207031 266.8595275878906 4.0842295 1.6117914 1.5930163 -6.148932 1.6964664 13.833538 -3.1311283111572266 0.9407528042793274
Car 0.0 0 -1.5968040227890015 644.9690551757812 177.46527099609375 673.1474609375 204.0584259033203 3.4511201 1.4975095 1.5785807 2.8554785 1.7838727 42.99331 -1.5304845571517944 0.915234386920929
Car 0.0 0 -2.845430374145508 362.544189453125 170.4798583984375 491.3760070800781 226.02886962890625 3.7467732 1.7403073 1.6786444 -5.948975 1.6662853 23.53171 -3.0930490493774414 0.909562349319458
Car 0.0 0 -2.5432910919189453 406.1160888671875 177.8226318359375 515.9072875976562 217.56427001953125 4.1339803 1.4919498 1.6063747 -6.035028 1.7026005 29.001926 -2.7484538555145264 0.7765360474586487
Car 0.0 0 -2.826289653778076 327.16326904296875 176.6793670654297 483.4449462890625 228.00982666015625 4.06865 1.4145956 1.5507574 -5.8922825 1.5301312 20.865711 -3.1015138626098633 0.7542169094085693
Car 0.0 0 -2.891712188720703 470.47528076171875 172.19204711914062 546.1921997070312 202.42935180664062 3.8822265 1.6277453 1.5197748 -5.616367 1.592469 39.807213 -3.0318763256073 0.6871917247772217
Car 0.0 0 1.6038894653320312 576.1685180664062 175.76271057128906 593.8917236328125 191.6414031982422 3.7705534 1.4357803 1.5430214 -2.3422787 1.7171443 67.81751 1.5693652629852295 0.6070305705070496
Car 0.0 0 -2.636512279510498 387.70806884765625 174.61131286621094 497.44488525390625 220.21702575683594 3.6069415 1.5809995 1.5415708 -6.137015 1.6485169 26.338957 -2.865429401397705 0.5680190920829773
