Car 0.0 0 -2.0757992267608643 799.02099609375 188.578125 1242.0 375.0 4.150685 1.5003171 1.6219231 3.0773134 1.686148 6.3904877 -1.6270235776901245 0.9961526989936829
Car 0.0 0 1.806180715560913 289.42620849609375 196.652099609375 423.6358337402344 297.70635986328125 3.5620112 1.4552523 1.4865427 -4.482986 1.9485323 13.099113 1.4764394760131836 0.9937450289726257
Car 0.0 0 2.024709701538086 0.0 202.9901885986328 353.0604248046875 375.0 4.3002844 1.4625169 1.6885048 -3.871858 1.8310982 6.605241 1.4945142269134521 0.9928770661354065
Car 0.0 0 -1.6303786039352417 605.7335205078125 179.51515197753906 650.7109375 221.95040893554688 3.9268277 1.5442021 1.5522517 0.6267307 1.8294977 28.87032 -1.6086735725402832 0.9890056252479553
Car 0.0 0 -1.9095849990844727 712.7675170898438 185.1813507080078 894.5285034179688 307.4239807128906 3.588523 1.4776604 1.4900655 2.6717796 1.6969733 10.953591 -1.6703386306762695 0.9877784848213196
Car 0.0 0 -1.7945778369903564 645.1006469726562 176.7522735595703 745.4419555664062 257.26123046875 3.3993793 1.5946107 1.4943535 1.7576689 1.6922854 16.235058 -1.6867340803146362 0.9811995029449463
Car 0.0 0 1.7061476707458496 417.2072448730469 177.15756225585938 483.21966552734375 234.88783264160156 4.0934644 1.7474581 1.6243609 -5.3211327 1.9050702 24.257113 1.4902042150497437 0.9653230309486389
Car 0.0 0 1.7296972274780273 481.1226501464844 182.24615478515625 514.799560546875 207.585205078125 3.890786 1.4965239 1.5268806 -7.1305256 2.1211395 46.00561 1.5759282112121582 0.9638135433197021
Car 0.0 0 -1.6118443012237549 584.5306396484375 180.48439025878906 612.8424682617188 209.0046844482422 4.345308 1.6654848 1.6000661 -0.7876697 2.1708267 45.53363 -1.6291412115097046 0.7000880837440491
Car 0.0 0 -1.7083133459091187 594.9105834960938 180.05955505371094 639.5703735351562 215.52622985839844 3.7766666 1.5414075 1.5984044 0.24883135 1.9024117 34.134895 -1.701023817062378 0.5955673456192017
Car 0.0 0 1.7679224014282227 439.73394775390625 183.02926635742188 495.7066650390625 223.26243591308594 3.8205512 1.5325001 1.5923506 -5.9548497 1.9880397 30.361603 1.5742498636245728 0.3999730944633484
