Car 0.0 0 -1.8927384614944458 733.8922729492188 181.56182861328125 976.9779052734375 331.7516784667969 4.2119255 1.4794595 1.6431172 2.8227592 1.6200292 9.483669 -1.6034443378448486 0.9974159002304077
Car 0.0 0 -1.736467957496643 690.9107055664062 179.6012725830078 774.3692626953125 240.22329711914062 4.102146 1.4910424 1.6235552 3.2776763 1.7000723 20.256819 -1.576052188873291 0.9927363395690918
Car 0.0 0 -2.627920150756836 177.72146606445312 184.57852172851562 417.9115905761719 274.2482604980469 3.8294213 1.5205353 1.6164111 -5.7974405 1.7568336 13.506925 -3.0333595275878906 0.9862990975379944
Car 0.0 0 3.818366527557373 0.0 195.88523864746094 218.15634155273438 356.12481689453125 3.9703586 1.4867475 1.5020784 -6.6647234 1.7605019 7.7446737 3.107776165008545 0.9531362056732178
Car 0.0 0 0.43126973509788513 226.939208984375 175.98081970214844 436.48260498046875 246.7741241455078 4.0953608 1.4892542 1.5999129 -6.199231 1.5638292 16.190845 0.06560420989990234 0.9463751912117004
Car 0.0 0 3.3021066188812256 362.30352783203125 177.7083740234375 486.28265380859375 228.42462158203125 3.6556795 1.5537661 1.6651888 -5.9542603 1.7174884 23.285944 3.0517687797546387 0.8739455342292786
Car 0.0 0 -1.6054866313934326 662.570556640625 174.5978546142578 694.1791381835938 205.21250915527344 3.7407238 1.5898542 1.588854 3.6751692 1.6905472 39.598667 -1.5129413604736328 0.8198525905609131
Car 0.0 0 -2.7920680046081543 276.33380126953125 163.97048950195312 447.24322509765625 236.37294006347656 3.8175218 1.7716811 1.6360801 -6.3246326 1.5546604 18.509777 -3.1213219165802 0.8081445097923279
Car 0.0 0 0.0981697291135788 460.7698059082031 178.0284423828125 542.4309692382812 209.475341796875 4.0009046 1.5592166 1.605627 -5.5411944 1.8312187 36.97303 -0.050594303756952286 0.5617082715034485
Car 0.0 0 0.21578764915466309 456.7742614746094 176.16400146484375 536.8424072265625 208.1160430908203 3.5539925 1.4907724 1.5802685 -5.4515195 1.6546313 34.74278 0.06014585494995117 0.4019107222557068
