Car 0.0 0 -1.7349259853363037 697.3936157226562 180.09536743164062 789.91845703125 247.8162078857422 4.1044393 1.4952303 1.6371812 3.2335517 1.7012419 18.428814 -1.561232328414917 0.9982335567474365
Car 0.0 0 -1.8592389822006226 747.5367431640625 192.5067596435547 977.6962890625 341.42047119140625 3.9460626 1.354739 1.5485594 2.8047824 1.6560969 9.0664 -1.5592172145843506 0.9970567226409912
Car 0.0 0 1.6133805513381958 548.6254272460938 178.0406036376953 585.8342895507812 211.07749938964844 3.5252745 1.4187657 1.5680927 -1.9687554 1.6713904 33.316303 1.554356336593628 0.9838557839393616
Car 0.0 0 -2.568985939025879 17.624711990356445 165.9413299560547 365.8131103515625 292.70050048828125 4.164788 1.6776894 1.6275457 -5.9590945 1.5865562 10.4747505 -3.0862245559692383 0.9778020977973938
Car 0.0 0 -1.6834723949432373 659.0917358398438 175.44532775878906 699.09130859375 207.63058471679688 3.8648694 1.5466952 1.6026882 3.4464018 1.6866984 36.932903 -1.5904265642166138 0.973543107509613
Car 0.0 0 -2.6593704223632812 231.86790466308594 179.87876892089844 447.36981201171875 249.9100799560547 4.1487365 1.4106647 1.6076384 -5.891647 1.5751666 15.8002205 -3.016284465789795 0.9548192024230957
Car 0.0 0 0.5096140503883362 310.9884338378906 178.6529998779297 474.0697021484375 241.81771850585938 3.719916 1.4990703 1.5464078 -5.581406 1.6573169 18.487862 0.21641898155212402 0.9228273630142212
Car 0.0 0 -2.838954448699951 388.3084411621094 175.58192443847656 506.1254577636719 221.75355529785156 3.629165 1.5156094 1.601528 -5.573414 1.613081 24.738844 -3.060544967651367 0.8876453638076782
Car 0.0 0 0.08421541750431061 482.32525634765625 175.02670288085938 547.3834228515625 203.7810821533203 3.4812527 1.5665112 1.6584263 -5.3157153 1.6911281 40.35306 -0.04676061496138573 0.8090124726295471
Car 0.0 0 -2.598234176635742 132.42999267578125 177.1649932861328 368.5251159667969 261.7628479003906 3.537678 1.4178356 1.5823003 -6.4872556 1.5022138 13.122704 -3.05735445022583 0.8067599534988403
Car 0.0 0 0.5057855844497681 331.0912170410156 177.18370056152344 481.85601806640625 230.86549377441406 4.240827 1.553639 1.6252289 -6.3221564 1.6958423 22.360489 0.2302398681640625 0.6796061396598816
