Car 0.0 0 -1.9686819314956665 756.4856567382812 190.57049560546875 1080.2783203125 375.0 3.847348 1.4195503 1.5923301 2.7498748 1.6534575 7.548951 -1.6193492412567139 0.9987517595291138
Car 0.0 0 -1.7078289985656738 674.9273071289062 180.177001953125 758.8235473632812 248.62379455566406 3.7158015 1.539912 1.6033319 2.5821586 1.7468007 18.487505 -1.5690562725067139 0.9981982111930847
Car 0.0 0 -2.787681818008423 275.05596923828125 179.0289306640625 453.014404296875 240.9839324951172 4.0843077 1.5290558 1.6565825 -6.3851123 1.6984549 18.865385 -3.1140360832214355 0.9947856068611145
Car 0.0 0 -1.6735563278198242 627.6365966796875 179.292724609375 659.114501953125 204.34915161132812 4.261249 1.5486668 1.649597 2.1392026 1.9957736 47.886154 -1.6289132833480835 0.9603714346885681
Car 0.0 0 -2.722508668899536 221.0237274169922 187.3266143798828 426.7179870605469 258.4832763671875 3.9615226 1.4659592 1.6060177 -6.339388 1.8074402 16.114159 -3.0973167419433594 0.9560192227363586
Car 0.0 0 -1.6394996643066406 647.5792236328125 179.1598358154297 687.3483276367188 214.59786987304688 3.664849 1.5342788 1.5939093 2.5965178 1.8455067 33.729267 -1.5626699924468994 0.9548097252845764
Car 0.0 0 -2.6175894737243652 39.485408782958984 164.0703125 349.09783935546875 294.3128356933594 3.763243 1.8299787 1.6612471 -6.208576 1.7069209 10.983766 -3.132065773010254 0.9427074790000916
Car 0.0 0 -1.6794706583023071 659.1952514648438 181.14108276367188 719.1609497070312 230.8874053955078 3.9457185 1.5047085 1.5805001 2.557345 1.8086927 24.456924 -1.5752840042114258 0.9312987923622131
Car 0.0 0 -2.891448736190796 382.2264709472656 178.3930206298828 498.3809814453125 222.89089965820312 4.0812535 1.6509203 1.6647923 -6.531377 1.8718494 27.857092 -3.121748924255371 0.7666788101196289
Car 0.0 0 3.1820645332336426 329.7160339355469 181.11431884765625 467.069580078125 240.669921875 3.762203 1.6322562 1.6358546 -6.2353497 1.8915268 21.365932 2.8981144428253174 0.6705007553100586
Car 0.0 0 -2.560696601867676 162.83877563476562 189.094482421875 400.5979309082031 278.0585632324219 3.901924 1.5041873 1.506962 -6.178657 1.8348132 13.624625 -2.986450672149658 0.5569337010383606
Car 0.0 0 -3.0025696754455566 478.995849609375 179.84056091308594 541.6760864257812 204.78634643554688 3.6841269 1.5129985 1.6611019 -6.220873 1.9577727 45.06059 -3.139758348464966 0.5436075925827026
Car 0.0 0 0.2494814246892929 469.89959716796875 179.112060546875 539.1965942382812 204.40078735351562 3.774818 1.4462745 1.6581023 -6.2574725 1.8266274 42.78869 0.10426950454711914 0.40087753534317017
