Car 0.0 0 -1.7074086666107178 689.104248046875 178.906982421875 767.4976806640625 238.55599975585938 3.9929857 1.4797702 1.6194572 3.174762 1.6674557 20.316332 -1.5523958206176758 0.9963319897651672
Car 0.0 0 0.4271996319293976 113.41909790039062 168.51577758789062 395.8877868652344 273.846435546875 4.0404873 1.6797717 1.6033258 -5.970886 1.6109452 12.352109 -0.023071901872754097 0.9958617687225342
Car 0.0 0 -1.8147821426391602 724.54443359375 186.9206085205078 899.7291259765625 302.17529296875 3.963094 1.3669319 1.5798451 2.795094 1.6209613 11.024223 -1.5664734840393066 0.9958617091178894
Car 0.0 0 1.6138761043548584 551.9756469726562 179.47616577148438 588.0670776367188 208.8789825439453 3.8348563 1.3338075 1.6119562 -1.9583824 1.6779052 35.5235 1.558802604675293 0.9815112948417664
Car 0.0 0 0.42324939370155334 269.4211730957031 176.96717834472656 457.4331970214844 239.7547149658203 4.0491867 1.4367065 1.5955074 -5.994305 1.5431724 17.623793 0.0953981876373291 0.9740504026412964
Car 0.0 0 -1.7162704467773438 654.0838623046875 175.41607666015625 693.9956665039062 206.18707275390625 3.860039 1.5547888 1.5823873 3.3519366 1.6997844 38.757008 -1.6299991607666016 0.9724595546722412
Car 0.0 0 -2.7888131141662598 336.0991516113281 179.46588134765625 487.2086181640625 235.21714782714844 3.8176048 1.4828596 1.5114712 -5.572443 1.6778436 20.320967 -3.056455373764038 0.9704758524894714
Car 0.0 0 -2.5784690380096436 168.172119140625 175.93182373046875 393.11578369140625 254.75027465820312 3.9907792 1.5044236 1.6116148 -6.7816825 1.5730133 14.922936 -3.0050148963928223 0.9366210699081421
Car 0.0 0 0.559436559677124 0.0 184.3289031982422 330.9114685058594 357.0849304199219 3.9713266 1.5736622 1.6296568 -5.2917194 1.7094315 7.601349 -0.04870446026325226 0.931106448173523
Car 0.0 0 0.45908746123313904 358.7082824707031 175.51478576660156 495.9710388183594 225.49118041992188 4.174678 1.5824577 1.631841 -6.140247 1.6766561 24.209976 0.21070027351379395 0.8081150054931641
Car 0.0 0 -2.7327935695648193 406.18597412109375 175.1656494140625 513.1677856445312 220.5719757080078 3.540131 1.6013814 1.5754284 -5.5733576 1.6908634 26.68746 -2.9386725425720215 0.7667931914329529
Car 0.0 0 0.10806295275688171 484.13177490234375 174.2831268310547 549.7958984375 200.7069854736328 3.6603317 1.5132389 1.6450552 -5.445678 1.5990267 42.27021 -0.020061496645212173 0.6779284477233887
