Car 0.0 0 -1.7527081966400146 656.1282958984375 182.75485229492188 721.8026733398438 229.31979370117188 3.81496 1.4343122 1.5802613 2.610238 1.8049743 25.02043 -1.6487599611282349 0.9935522079467773
Car 0.0 0 -1.68055260181427 636.3785400390625 180.4229736328125 678.3433837890625 215.28431701660156 3.7599444 1.5229142 1.5744995 2.1567657 1.902817 34.263836 -1.6176897287368774 0.9914257526397705
Car 0.0 0 -2.538543701171875 876.2322387695312 180.3147430419922 1132.6529541015625 282.9609375 3.6509454 1.4566209 1.546529 6.559115 1.6066757 12.499095 -2.05527925491333 0.9794368147850037
Car 0.0 0 -2.8510196208953857 370.169677734375 183.04185485839844 484.4608154296875 224.95147705078125 3.9559267 1.530817 1.6055965 -6.9928484 1.9344461 27.671078 -3.098550319671631 0.9698020219802856
Car 0.0 0 -2.82712721824646 294.1375427246094 189.3228302001953 455.7126770019531 245.89915466308594 4.0758905 1.513211 1.6632894 -6.6721077 2.003242 20.61632 -3.1401216983795166 0.8879963755607605
Car 0.0 0 0.3465653955936432 346.7425842285156 184.77178955078125 470.10125732421875 229.31031799316406 3.8499093 1.4722356 1.6065136 -7.0564384 1.906085 25.297707 0.07454371452331543 0.7365219593048096
Car 0.0 0 -2.971205711364746 455.232421875 188.17140197753906 527.6098022460938 217.02503967285156 3.5466423 1.4544128 1.604418 -6.2505527 2.2798805 38.04905 -3.1340277194976807 0.6381496787071228
Car 0.0 0 -2.5091311931610107 0.0 165.37132263183594 316.786865234375 354.53204345703125 4.0846176 1.9316208 1.7144146 -5.8041577 1.8555692 8.263405 -3.1214613914489746 0.6322017312049866
Car 0.0 0 1.8317517042160034 237.01092529296875 191.4293212890625 383.8858337402344 284.2006530761719 4.2184405 1.4954964 1.7007006 -5.9336267 1.9310839 14.70591 1.4482438564300537 0.608791708946228
Car 0.0 0 0.19390220940113068 469.0806579589844 181.22434997558594 529.45703125 205.27748107910156 3.7404153 1.55798 1.6880133 -7.410402 2.1293142 48.29524 0.04165005683898926 0.53604656457901
Car 0.0 0 -1.643539309501648 621.4208374023438 176.42127990722656 640.8079833984375 195.7896270751953 3.9413362 1.6504927 1.4371206 1.832747 1.9782631 64.22119 -1.615009069442749 0.3101665675640106
