Car 0.0 0 -1.8146770000457764 735.9305419921875 180.413818359375 877.4501953125 275.515380859375 3.9234858 1.5249406 1.6645492 3.5309632 1.6910032 13.846209 -1.564985752105713 0.9960111379623413
Car 0.0 0 1.9148879051208496 259.637939453125 190.9226837158203 433.4769592285156 286.45355224609375 4.3535314 1.4210812 1.6960793 -4.8074594 1.8202384 13.739456 1.5783005952835083 0.995170533657074
Car 0.0 0 -1.748526930809021 715.5625 180.23338317871094 800.3255004882812 244.7816162109375 3.4919722 1.5335875 1.603755 3.8067932 1.7493722 19.301752 -1.5538008213043213 0.9950706958770752
Car 0.0 0 1.7329429388046265 473.583740234375 182.87246704101562 526.9240112304688 221.85015869140625 3.579553 1.4676336 1.6277922 -4.5224752 1.908031 29.889837 1.5827771425247192 0.9940500855445862
Car 0.0 0 2.0982167720794678 0.0 194.6193084716797 348.65460205078125 369.17462158203125 4.096682 1.4588065 1.6705906 -4.783876 1.7811615 8.606981 1.59092116355896 0.9924675822257996
Car 0.0 0 -1.9473628997802734 799.3684692382812 180.55511474609375 1089.14599609375 349.21002197265625 4.0176287 1.4874606 1.6171345 3.5085597 1.6007957 8.563821 -1.5585262775421143 0.9923918843269348
Car 0.0 0 1.702300786972046 498.9949645996094 181.65896606445312 543.719482421875 215.40847778320312 3.8239563 1.482208 1.642341 -4.2316575 1.928345 34.607433 1.580628752708435 0.9800336956977844
Car 0.0 0 -1.7390772104263306 692.5296020507812 180.61659240722656 761.7626953125 231.06448364257812 4.039116 1.5575365 1.6859337 3.906859 1.8479631 24.929123 -1.5836230516433716 0.9667780995368958
Car 0.0 0 -1.7276777029037476 689.0900268554688 178.6724853515625 742.4955444335938 218.4286651611328 3.721299 1.5578282 1.6728575 4.390915 1.8208066 30.691391 -1.5855753421783447 0.8119154572486877
Car 0.0 0 0.05045367032289505 615.2012939453125 174.7793426513672 661.1583862304688 190.58514404296875 4.267047 1.4676704 1.6672286 2.6684856 1.6529202 68.2664 0.0895230770111084 0.4104503095149994
