Car 0.0 0 -1.8736721277236938 730.9309692382812 189.044189453125 944.9568481445312 345.1180419921875 3.614304 1.5566616 1.5593761 2.652073 1.8090538 9.401295 -1.5987203121185303 0.9971275925636292
Car 0.0 0 1.8844579458236694 232.3864288330078 204.6223602294922 435.6878356933594 346.3184509277344 3.920201 1.4964833 1.5706593 -3.787825 2.046314 10.492345 1.5380098819732666 0.9945902824401855
Car 0.0 0 -1.7321319580078125 688.2755126953125 193.41964721679688 796.3323974609375 279.0014953613281 4.070971 1.4628451 1.5779384 2.6122978 1.9590452 15.3525505 -1.5635920763015747 0.994534969329834
Car 0.0 0 1.78133225440979 377.1389465332031 201.73252868652344 487.33612060546875 281.06927490234375 3.9664738 1.4001776 1.5889155 -3.8868022 2.1288433 16.191692 1.5457408428192139 0.9925974607467651
Car 0.0 0 -1.7041512727737427 668.8688354492188 189.32290649414062 740.16650390625 247.574462890625 3.7449152 1.4911765 1.5897017 2.666143 2.0231988 21.410702 -1.5802651643753052 0.9824114441871643
Car 0.0 0 1.725606083869934 464.2500305175781 195.51951599121094 524.3177490234375 240.4055633544922 3.784458 1.4054168 1.6035002 -4.1987166 2.2945807 26.397072 1.5678675174713135 0.8969340324401855
Car 0.0 0 1.6983122825622559 439.0731506347656 198.94622802734375 505.0428161621094 254.8026580810547 3.712919 1.4278346 1.5225266 -4.187761 2.2966285 22.113884 1.5111560821533203 0.6769313812255859
Car 0.0 0 -2.1547739505767822 870.9937133789062 189.99606323242188 1242.0 375.0 3.2879407 1.5387634 1.4827132 3.0134523 1.6908369 4.7272615 -1.5872629880905151 0.6065157651901245
Car 0.0 0 -1.6678075790405273 663.0765991210938 190.6607666015625 715.4368286132812 233.0205841064453 3.619379 1.3804446 1.5781128 2.8407483 2.088429 26.854334 -1.5624159574508667 0.4325011968612671
Car 0.0 0 1.459664225578308 631.3679809570312 193.75352478027344 663.3900756835938 218.57632446289062 4.1490626 1.4891573 1.7129894 2.4628527 2.969824 48.980812 1.509903907775879 0.4022364914417267
