Car 0.0 0 1.8596887588500977 346.9031677246094 185.7201690673828 448.7702941894531 246.2794952392578 3.9730282 1.4428848 1.6372784 -5.7975373 1.8359385 20.027424 1.577911138534546 0.996250569820404
Car 0.0 0 -1.8012362718582153 713.975341796875 176.3030242919922 844.1145629882812 264.4723815917969 3.7712924 1.4778384 1.6136324 3.0926335 1.554858 14.137265 -1.5858713388442993 0.994247317314148
Car 0.0 0 -2.125140428543091 850.5968017578125 180.331298828125 1242.0 375.0 3.9828246 1.4955306 1.6430308 3.2110457 1.5714713 5.292079 -1.5797618627548218 0.9904516935348511
Car 0.0 0 -1.7584248781204224 692.327392578125 176.6811065673828 776.649658203125 239.02508544921875 3.471975 1.5046583 1.5874828 3.1961145 1.6171396 19.381521 -1.5949904918670654 0.9841981530189514
Car 0.0 0 1.756684422492981 412.3091735839844 182.91140747070312 476.5839538574219 230.208984375 3.7030058 1.4949169 1.5524269 -5.807885 1.8767037 25.48188 1.532590389251709 0.9209698438644409
Car 0.0 0 2.39115571975708 0.0 216.02352905273438 157.00247192382812 375.0 3.9471593 1.5150403 1.6250712 -5.5637474 1.960711 5.4474206 1.5951935052871704 0.8898620009422302
Car 0.0 0 3.643303871154785 30.7620906829834 172.12496948242188 203.34323120117188 224.8038330078125 4.0198426 1.5023996 1.515173 -14.638692 1.4819654 21.521458 3.045996904373169 0.7950051426887512
Car 0.0 0 -1.744150996208191 679.8333129882812 176.92404174804688 744.4898071289062 223.5584259033203 3.711178 1.4485351 1.5486393 3.3599412 1.5984182 24.621561 -1.6085253953933716 0.6195054650306702
Car 0.0 0 -1.1921015977859497 401.4208679199219 181.99234008789062 442.74139404296875 203.67919921875 3.6634066 1.3542414 1.440386 -12.630502 1.9938989 48.56774 -1.4465253353118896 0.5283209085464478
Car 0.0 0 -0.07417535781860352 696.0615844726562 159.80746459960938 749.48486328125 179.03717041015625 4.2269754 1.555889 1.7262262 9.223725 0.5006422 59.406334 0.07985973358154297 0.47434642910957336
