Car 0.0 0 -1.7668317556381226 722.2344970703125 177.15858459472656 821.7193603515625 250.43704223632812 3.7414682 1.5460272 1.5976593 3.710586 1.660984 17.323889 -1.555830955505371 0.996590256690979
Car 0.0 0 1.7644625902175903 457.8965148925781 181.43702697753906 519.145263671875 223.47019958496094 3.6024623 1.4690734 1.6622523 -4.645635 1.8216606 27.783844 1.598788857460022 0.9963957667350769
Car 0.0 0 -1.8438951969146729 752.5123291015625 179.84939575195312 922.4435424804688 292.4845886230469 3.8592849 1.5104331 1.6087903 3.4565606 1.6445137 11.851907 -1.5601202249526978 0.994724690914154
Car 0.0 0 1.9365001916885376 189.0957489013672 188.66708374023438 402.0834655761719 305.8853454589844 4.397507 1.4513507 1.6503325 -4.845914 1.7578871 11.748846 1.5452998876571655 0.9941701889038086
Car 0.0 0 -1.716151475906372 701.6107788085938 177.90133666992188 772.9505004882812 229.51434326171875 4.04037 1.4639732 1.6363722 3.8935335 1.6388047 22.900463 -1.5477420091629028 0.9935436248779297
Car 0.0 0 -2.070505380630493 833.3756103515625 185.8802032470703 1242.0 375.0 4.041981 1.4223976 1.614995 3.4561067 1.578825 6.60713 -1.5885587930679321 0.9910393357276917
Car 0.0 0 1.7295689582824707 485.05670166015625 179.22251892089844 536.2890625 216.07186889648438 4.0349984 1.5185553 1.666256 -4.439499 1.8235116 32.471493 1.5936914682388306 0.9872866272926331
Car 0.0 0 2.221191167831421 0.0 195.92864990234375 274.6251525878906 375.0 4.191259 1.4972557 1.6603345 -4.7672477 1.7648287 6.2567925 1.57009756565094 0.9798834919929504
Car 0.0 0 -1.716976523399353 689.570068359375 178.73895263671875 746.0784301757812 221.19334411621094 3.7055647 1.5282112 1.6573597 4.1201844 1.7748474 28.338453 -1.5725961923599243 0.872851550579071
Car 0.0 0 -0.035999596118927 635.8477172851562 173.64999389648438 682.4030151367188 190.0272674560547 4.2036977 1.4808316 1.7151804 4.4616942 1.555297 66.25114 0.03124403953552246 0.8189457058906555
