Car 0.0 0 -1.7270841598510742 653.9698486328125 182.37588500976562 711.3203125 226.34701538085938 3.571952 1.4541397 1.5412387 2.5536215 1.828119 26.479977 -1.6309454441070557 0.9924376606941223
Car 0.0 0 -2.4938032627105713 843.7542724609375 176.6783447265625 1062.2308349609375 261.1280822753906 3.682673 1.4028167 1.5194558 6.4825315 1.488659 14.143953 -2.0640475749969482 0.9852629899978638
Car 0.0 0 -1.5884360074996948 633.8616943359375 177.9441680908203 668.298828125 212.19154357910156 3.8299274 1.5938858 1.6293818 1.9778366 1.8626444 36.09957 -1.5337023735046387 0.9684138298034668
Car 0.0 0 -2.578251838684082 0.0 159.5196533203125 339.8019714355469 306.59356689453125 4.1621046 1.8629483 1.7000197 -6.2005577 1.6944032 10.004468 -3.1330878734588623 0.8881266117095947
Car 0.0 0 0.2837945818901062 316.243408203125 187.8715362548828 461.9378662109375 240.95843505859375 3.9849682 1.5351114 1.6317673 -6.7519236 2.014549 22.17601 -0.011757805943489075 0.8857749104499817
Car 0.0 0 0.5704969763755798 365.3381042480469 184.3653106689453 475.4959716796875 225.80589294433594 3.7483296 1.4400682 1.577284 -7.1602397 1.894535 27.134485 0.3124983310699463 0.8453895449638367
Car 0.0 0 0.7463873624801636 0.0 204.66522216796875 207.21829223632812 363.54364013671875 3.6716332 1.4228915 1.6172122 -6.6220174 1.8004421 7.680582 0.0348665714263916 0.8303309082984924
Car 0.0 0 0.22304102778434753 406.3911437988281 181.2283477783203 502.7247009277344 217.46438598632812 4.192058 1.6509376 1.6501257 -7.334857 2.0570855 34.111763 0.011241674423217773 0.7591626644134521
Car 0.0 0 0.2408362329006195 377.4991455078125 183.9963836669922 491.671875 220.7781524658203 4.2093463 1.4153615 1.5931414 -7.0429707 1.876787 29.05131 0.002992868423461914 0.7036117315292358
Car 0.0 0 0.728706955909729 182.0926971435547 190.43869018554688 386.7799377441406 273.8924865722656 3.8122022 1.5408176 1.6491238 -6.900938 1.9459159 15.247763 0.30370378494262695 0.5622973442077637
Car 0.0 0 0.4080164432525635 238.34548950195312 190.09259033203125 411.54351806640625 256.1405334472656 3.5787845 1.481956 1.5441189 -6.8597565 1.919213 17.452492 0.03351306915283203 0.48303455114364624
Car 0.0 0 1.7440547943115234 503.71234130859375 183.81777954101562 536.7581787109375 205.7163543701172 4.126908 1.4195068 1.6310151 -6.324402 2.2263956 50.974464 1.6206156015396118 0.38215041160583496
