Car 0.0 0 1.9188032150268555 247.84239196777344 194.42892456054688 454.7051086425781 342.307861328125 3.3495233 1.4860576 1.4466707 -3.1988416 1.8190078 9.430672 1.5917860269546509 0.9956967830657959
Car 0.0 0 -2.05668306350708 861.7224731445312 192.66134643554688 1242.0 375.0 3.8997025 1.4223967 1.551495 3.7461329 1.663465 6.802698 -1.5533154010772705 0.9929403066635132
Car 0.0 0 -1.7177013158798218 680.2484741210938 176.12789916992188 743.6395874023438 224.7871856689453 3.9193919 1.5178206 1.5743258 3.3651028 1.6393694 24.737762 -1.5825002193450928 0.9810861945152283
Car 0.0 0 -1.8467934131622314 745.4645385742188 175.08816528320312 900.9320068359375 286.0172424316406 3.371518 1.5768318 1.5715362 3.3167572 1.6196303 12.012775 -1.5774024724960327 0.9691359400749207
Car 0.0 0 1.70944344997406 466.89886474609375 171.4303741455078 544.6820678710938 239.78961181640625 4.4065013 1.7651591 1.6184038 -2.9375591 1.7287565 20.833069 1.5693622827529907 0.9579541087150574
Car 0.0 0 1.673923373222351 545.9965209960938 175.7246551513672 579.1910400390625 203.98739624023438 3.955948 1.5753378 1.5595111 -2.789973 1.7532864 42.628597 1.6085681915283203 0.9404678344726562
Car 0.0 0 -1.7963653802871704 712.7218627929688 177.5073699951172 808.3204345703125 239.57130432128906 3.8293881 1.4394723 1.61209 3.7822437 1.5746155 18.959623 -1.5994608402252197 0.8168512582778931
Car 0.0 0 1.6901074647903442 500.4256896972656 181.752197265625 555.3980102539062 225.77108764648438 3.915933 1.4596992 1.5631645 -3.0049815 1.8133463 26.68131 1.5779551267623901 0.739801824092865
Car 0.0 0 -1.652940273284912 655.6512451171875 173.07330322265625 692.4222412109375 204.22154235839844 4.298227 1.6954029 1.7461966 3.5898957 1.7090156 41.453762 -1.5665557384490967 0.6913416981697083
Car 0.0 0 -1.6598496437072754 675.7953491210938 175.51324462890625 723.8760375976562 216.07064819335938 4.0271063 1.5923836 1.6582266 3.7052019 1.7131613 30.632446 -1.5394775867462158 0.4112795889377594
