Car 0.0 0 -1.6583762168884277 659.4512939453125 176.6952667236328 713.0277709960938 218.4623260498047 4.1030436 1.4723768 1.6869973 2.8262393 1.6321298 27.875078 -1.5573320388793945 0.9953433275222778
Car 0.0 0 -2.589702844619751 123.41519927978516 186.03916931152344 394.2364501953125 277.7693786621094 3.966814 1.4243073 1.6057789 -6.0211077 1.671278 12.490737 -3.038884162902832 0.9922018051147461
Car 0.0 0 -1.6775556802749634 677.1016235351562 183.09556579589844 755.3856811523438 244.52259826660156 4.190989 1.369914 1.5565048 2.6221464 1.6688457 18.91369 -1.5397963523864746 0.9905547499656677
Car 0.0 0 -2.845153331756592 367.94805908203125 177.76271057128906 500.9242858886719 221.41165161132812 4.218595 1.4539392 1.6255512 -6.107611 1.6319522 25.17636 -3.083148717880249 0.9724741578102112
Car 0.0 0 0.38865336775779724 290.7904357910156 172.29039001464844 455.8017883300781 236.18563842773438 4.0017524 1.6683455 1.5633124 -6.4592123 1.6539874 19.762089 0.07275032997131348 0.9643834233283997
Car 0.0 0 1.6381213665008545 553.3336181640625 176.87693786621094 584.5759887695312 201.6560821533203 3.7961097 1.390747 1.6098107 -2.44003 1.641607 43.019695 1.5814632177352905 0.9623831510543823
Car 0.0 0 -1.6309518814086914 640.9683227539062 174.04075622558594 667.5568237304688 197.7051544189453 3.9179287 1.454482 1.46964 2.78521 1.5345496 46.500767 -1.5711274147033691 0.9509610533714294
Car 0.0 0 0.04654478281736374 492.6930847167969 173.71035766601562 549.117919921875 196.65292358398438 3.794702 1.5508864 1.5949662 -6.140051 1.6114463 49.78193 -0.07617438584566116 0.6482000350952148
Car 0.0 0 0.4479626417160034 402.8573303222656 179.89456176757812 513.3242797851562 219.3948974609375 3.8931735 1.4352877 1.5334444 -5.885679 1.7192249 27.85233 0.23970913887023926 0.6387478113174438
Car 0.0 0 0.26885083317756653 419.8130798339844 175.7365264892578 530.2476806640625 216.94757080078125 4.28228 1.6690496 1.6618923 -5.672925 1.7947673 30.368612 0.08417701721191406 0.6215328574180603
Car 0.0 0 0.6381421089172363 440.3659362792969 175.15992736816406 525.1405029296875 211.6905975341797 3.7402608 1.6510797 1.6311041 -6.106804 1.7662865 34.370136 0.4622995853424072 0.5135897397994995
