Car 0.0 0 -1.7313010692596436 669.9545288085938 178.08612060546875 758.8778076171875 245.10130310058594 4.073944 1.519626 1.6191893 2.5393178 1.6707909 18.737137 -1.596598505973816 0.9979008436203003
Car 0.0 0 -1.965670108795166 748.6604614257812 189.14234924316406 986.8745727539062 336.2499084472656 3.364238 1.4198775 1.574429 2.9277875 1.6647955 9.088969 -1.6540404558181763 0.99739670753479
Car 0.0 0 -2.810372829437256 345.97125244140625 183.65390014648438 482.0071105957031 234.20509338378906 3.8135502 1.4943329 1.5742037 -6.131893 1.8470871 22.628502 -3.0749988555908203 0.9865887761116028
Car 0.0 0 -1.699458122253418 656.7887573242188 178.0802764892578 709.8189086914062 218.36965942382812 4.1168985 1.5076244 1.6338272 2.8931198 1.7376387 29.620527 -1.6020941734313965 0.9817529916763306
Car 0.0 0 -2.6488518714904785 163.198486328125 174.86549377441406 399.20172119140625 262.6736145019531 4.011706 1.6509631 1.7264023 -6.590982 1.6948403 14.608622 -3.072679042816162 0.9628322124481201
Car 0.0 0 0.2890588343143463 359.8003845214844 178.1542510986328 483.6210632324219 222.0519256591797 3.8889465 1.4678546 1.6093041 -6.5594735 1.6597873 25.205654 0.03446769714355469 0.9413514733314514
Car 0.0 0 -2.568225622177124 77.85389709472656 177.37222290039062 369.1833190917969 280.9157409667969 4.0672836 1.5819024 1.6570351 -6.40898 1.6643753 12.109326 -3.055006265640259 0.9397915005683899
Car 0.0 0 -2.5464580059051514 0.0 186.57568359375 299.3458557128906 303.4406433105469 3.9654088 1.4270482 1.6344675 -6.618088 1.6298836 9.822632 -3.139354705810547 0.9381231665611267
Car 0.0 0 -1.598296046257019 639.7392578125 174.58522033691406 665.2835083007812 198.5779571533203 4.1112537 1.5541141 1.6153697 2.8271592 1.6773067 49.113346 -1.5407955646514893 0.827434241771698
Car 0.0 0 0.4251697361469269 230.9586944580078 181.70745849609375 414.6693115234375 250.4470977783203 3.7190294 1.5161833 1.5330741 -6.7259026 1.7355115 16.987635 0.048177480697631836 0.6878316402435303
Car 0.0 0 -2.929300546646118 419.51690673828125 177.44247436523438 517.1236572265625 213.02593994140625 4.066334 1.5548152 1.7053595 -6.395542 1.7684569 32.645306 -3.12276029586792 0.5063297152519226
Car 0.0 0 -2.414494514465332 0.0 195.06922912597656 201.0542755126953 359.02581787109375 3.720615 1.4781935 1.5460967 -6.602401 1.7335483 7.4969554 -3.136531114578247 0.4049201011657715
Car 0.0 0 0.23420682549476624 497.916015625 170.67147827148438 555.2943725585938 191.26687622070312 4.1196585 1.5620004 1.7414646 -6.4541717 1.3968308 55.829636 0.11911296844482422 0.39062395691871643
Car 0.0 0 0.36030569672584534 446.70513916015625 179.74038696289062 527.4702758789062 212.41746520996094 3.5736058 1.5293331 1.5821333 -6.03654 1.87778 35.35288 0.19118571281433105 0.38620710372924805
