Pedestrian 0.0 0 0.6451493501663208 371.17626953125 183.3728485107422 402.1336975097656 234.9452667236328 0.760288 1.6286919 0.58177996 -7.270977 1.9753487 23.349693 0.34327149391174316 0.3164491057395935
Car 0.0 0 0.3502737879753113 207.93359375 185.3741455078125 390.8588562011719 249.797607421875 4.0567923 1.5610733 1.6311883 -8.009193 1.9030399 18.761917 -0.053192950785160065 0.9924793243408203
Car 0.0 0 -0.28662124276161194 692.1298217773438 191.1011505126953 873.5746459960938 257.13812255859375 4.052533 1.4987545 1.7002058 4.1423883 1.9757276 17.87588 -0.058909822255373 0.9855216145515442
Car 0.0 0 0.6012201309204102 0.0 188.93951416015625 258.6856994628906 303.6067199707031 3.8318608 1.5469036 1.6419737 -7.6371455 1.8073223 10.815663 -0.01360075082629919 0.9712899923324585
Car 0.0 0 3.357117176055908 264.2913513183594 184.7700958251953 404.8004455566406 233.64224243164062 4.083786 1.5034059 1.6174558 -9.035939 1.9154758 23.82807 2.994657039642334 0.9669079184532166
Car 0.0 0 2.5521388053894043 850.12744140625 188.857177734375 1242.0 367.6964416503906 3.7326534 1.4860677 1.5921224 4.4073453 1.6602893 6.990281 3.114680528640747 0.9540953636169434
Car 0.0 0 3.6484665870666504 48.25020980834961 185.6754150390625 311.5870666503906 274.4083251953125 3.9925194 1.5306628 1.5381653 -7.9506755 1.7855241 13.500227 3.116227388381958 0.9002000689506531
Car 0.0 0 -2.3312556743621826 0.0 202.60427856445312 148.4989776611328 353.9095458984375 3.8261704 1.4632188 1.6239147 -7.7420053 1.842043 8.256472 -3.084507703781128 0.8621730208396912
Car 0.0 0 3.4980618953704834 233.3888397216797 187.1999969482422 377.3746643066406 242.82273864746094 3.5713532 1.5408885 1.663515 -8.97425 1.9839263 21.3572 3.1002657413482666 0.6231736540794373
Car 0.0 0 -3.316784143447876 675.724365234375 194.15835571289062 837.0361328125 249.58045959472656 4.1479607 1.4184047 1.5342474 3.8974595 2.0298123 19.887312 -3.1232595443725586 0.4153274595737457
Car 0.0 0 1.549179196357727 467.16070556640625 189.40716552734375 490.47808837890625 211.37799072265625 3.4248168 1.5794796 1.7183698 -10.323421 2.9186883 56.506462 1.3684775829315186 0.3445397913455963
Car 0.0 0 -2.4662365913391113 1100.427001953125 191.52281188964844 1210.898193359375 227.5417938232422 3.8588393 1.4427946 1.6445328 24.883444 2.3538494 33.121883 -1.8219237327575684 0.3195674419403076
