Pedestrian 0.0 0 1.9811152219772339 254.62451171875 154.51100158691406 322.6366882324219 282.435791015625 0.674003 1.7434641 0.6638408 -4.5692973 1.4938284 10.171882 1.5589195489883423 0.7050818204879761
Pedestrian 0.0 0 -2.104313611984253 347.6903991699219 174.7776336669922 379.6708984375 226.9954376220703 0.67898464 1.6216632 0.715971 -7.874912 1.6844851 22.934145 -2.435070276260376 0.4894843101501465
Pedestrian 0.0 0 -2.1199357509613037 326.263916015625 175.45858764648438 359.2008972167969 228.3323974609375 0.7629272 1.6277734 0.6749444 -8.477203 1.7121109 22.760828 -2.476466417312622 0.3246835470199585
Car 0.0 0 -1.6983511447906494 662.0840454101562 175.534423828125 741.6925659179688 237.23829650878906 3.7642996 1.5091931 1.6620953 2.3576837 1.5897557 19.698298 -1.579228162765503 0.9982503056526184
Car 0.0 0 2.0255227088928223 0.0 187.71786499023438 446.0308532714844 375.0 3.965365 1.4815756 1.652696 -2.7984588 1.6512243 6.207661 1.60199773311615 0.996086597442627
Car 0.0 0 -2.167670249938965 812.0720825195312 184.76596069335938 1242.0 375.0 3.9744802 1.4151872 1.5743582 2.5258744 1.5170783 4.125045 -1.6182364225387573 0.9557927846908569
Car 0.0 0 -1.710160255432129 640.300537109375 173.68397521972656 687.2980346679688 212.15472412109375 3.984628 1.6206671 1.5602115 2.322157 1.6607859 32.522484 -1.638879656791687 0.9474453330039978
Car 0.0 0 1.8380217552185059 289.7161865234375 185.57998657226562 459.5064392089844 314.44732666015625 3.4458883 1.5455325 1.5129431 -3.353724 1.7662874 10.744741 1.5354766845703125 0.9214404821395874
Car 0.0 0 1.6104949712753296 523.6788330078125 174.69740295410156 562.6022338867188 211.49484252929688 4.283263 1.597895 1.6434821 -3.1061184 1.6900066 33.729477 1.518664836883545 0.8887849450111389
Car 0.0 0 -1.6720292568206787 630.827880859375 175.62417602539062 666.1748657226562 207.57379150390625 3.9246793 1.5978397 1.4803497 1.9670578 1.7534007 38.425465 -1.6208823919296265 0.8008664846420288
Car 0.0 0 0.5992201566696167 237.4177703857422 177.26589965820312 388.94708251953125 227.91319274902344 4.4451904 1.5655311 1.6930838 -9.803901 1.7193943 23.813425 0.20867156982421875 0.7002869844436646
