Car 0.0 0 1.921926498413086 233.1057586669922 186.36380004882812 443.4826965332031 312.5006408691406 3.9141428 1.499362 1.5831445 -3.7202432 1.5204784 10.543269 1.58271062374115 0.9967601895332336
Car 0.0 0 -1.7858374118804932 696.24267578125 184.74163818359375 811.1359252929688 264.173583984375 3.701602 1.4873427 1.6062615 2.918488 1.4795971 15.328343 -1.5976911783218384 0.992661714553833
Car 0.0 0 1.7550655603408813 435.17901611328125 180.7271728515625 510.6835021972656 236.9532012939453 3.3226264 1.5034456 1.5703409 -3.8731978 1.3845569 20.879921 1.5716516971588135 0.9904372096061707
Car 0.0 0 1.7024937868118286 480.3125915527344 178.52833557128906 533.21826171875 218.6146240234375 4.059425 1.5252757 1.6211535 -4.0905976 1.2719545 29.38359 1.56416916847229 0.9898058772087097
Car 0.0 0 -1.6918540000915527 652.0103149414062 179.6383056640625 701.8702392578125 218.58792114257812 3.8524485 1.5260131 1.6104199 2.795771 1.3086274 30.108755 -1.5992637872695923 0.9890552759170532
Car 0.0 0 2.003247022628784 258.8975524902344 185.2292938232422 374.34112548828125 244.3829803466797 3.695186 1.5031793 1.5888342 -8.061795 1.5047272 20.150532 1.6226730346679688 0.9756923913955688
Car 0.0 0 1.813297986984253 381.4111328125 182.4435272216797 440.15557861328125 216.7002716064453 3.546314 1.3754927 1.6110058 -8.362628 1.2653152 30.651922 1.5469543933868408 0.9674032330513
Car 0.0 0 2.244379997253418 0.0 180.12855529785156 183.18600463867188 318.36871337890625 4.163317 1.583527 1.6113853 -8.18417 1.5263852 10.314587 1.5736422538757324 0.9597141742706299
Car 0.0 0 1.4825471639633179 585.6103515625 180.80226135253906 611.4632568359375 200.0227508544922 3.8353956 1.3724837 1.5791553 -0.7348382 1.0584631 53.31593 1.468765377998352 0.9153786897659302
Car 0.0 0 1.4747250080108643 622.75 180.57516479492188 645.0538940429688 197.21743774414062 3.4916885 1.328215 1.5014275 2.1118107 0.958987 59.155926 1.510408878326416 0.786674439907074
Car 0.0 0 2.2720980644226074 0.0 152.78091430664062 101.63219451904297 194.25181579589844 3.5059226 1.4996921 1.6273174 -21.686443 0.3279005 27.774742 1.6091762781143188 0.4437771737575531
Car 0.0 0 1.5058952569961548 573.0009765625 179.6623077392578 594.0157470703125 197.01986694335938 3.2937863 1.4406896 1.5788687 -2.1051455 0.9808855 61.37871 1.4716110229492188 0.3123997449874878
