Car 0.0 0 -1.993969202041626 831.4014892578125 186.43365478515625 1151.26708984375 360.83642578125 4.266805 1.5102955 1.6609251 4.08257 1.7152853 8.72491 -1.5563124418258667 0.9968090653419495
Car 0.0 0 -1.750949740409851 755.886962890625 185.0039520263672 881.1008911132812 268.2641296386719 4.160574 1.3798808 1.6786255 4.0190964 1.6643778 14.726252 -1.4845178127288818 0.9860528707504272
Car 0.0 0 1.705729365348816 543.394287109375 170.32322692871094 589.9991455078125 206.70834350585938 3.8731468 1.5364451 1.5862486 -1.9276627 1.4299355 32.456795 1.6464073657989502 0.9785977005958557
Car 0.0 0 1.74224054813385 451.59027099609375 170.3636016845703 553.0392456054688 253.24545288085938 3.7857146 1.6678672 1.6494092 -2.3712702 1.6181096 16.432371 1.5989251136779785 0.9690169095993042
Car 0.0 0 -1.673658847808838 689.9691772460938 171.82681274414062 739.31396484375 211.62921142578125 4.163699 1.6201777 1.6957731 4.4529777 1.5787233 31.480118 -1.5331374406814575 0.9224802255630493
Car 0.0 0 1.7630624771118164 358.2010498046875 152.52418518066406 521.5653686523438 301.26788330078125 4.033916 1.820983 1.6000756 -2.3853254 1.5724547 10.866068 1.5469695329666138 0.9210991263389587
Car 0.0 0 -1.6749255657196045 681.663330078125 171.7792510986328 723.4668579101562 205.5303497314453 4.2929378 1.6277375 1.6733992 4.641797 1.5762628 36.958763 -1.5499857664108276 0.9032167792320251
Car 0.0 0 -1.7249377965927124 706.8878173828125 171.11070251464844 767.16455078125 215.81289672851562 3.7235527 1.5411894 1.6312121 4.5876365 1.4814441 26.747948 -1.5550769567489624 0.7500759363174438
Car 0.0 0 -1.778332233428955 728.95166015625 178.97377014160156 810.9929809570312 235.9072723388672 3.3594005 1.4282585 1.5554525 4.3232007 1.6137519 20.142513 -1.5669090747833252 0.7445578575134277
Car 0.0 0 1.5555084943771362 611.616455078125 175.3231964111328 629.2479858398438 193.3880157470703 4.0236216 1.4914299 1.4513476 0.8518784 1.7113041 62.130608 1.5692187547683716 0.40576866269111633
