Pedestrian 0.0 0 2.328341484069824 0.0 186.94593811035156 64.3366928100586 365.8670959472656 0.4902431 1.5718188 0.60987127 -5.5696893 1.7070498 6.6402016 1.6303956508636475 0.4687694013118744
Car 0.0 0 -1.7641496658325195 692.523681640625 180.6815643310547 829.1819458007812 277.2768859863281 4.3656178 1.5343231 1.7170218 2.6698864 1.7103107 13.999624 -1.575701355934143 0.9968076944351196
Car 0.0 0 -1.9320924282073975 750.7860717773438 182.9114532470703 1029.9180908203125 371.2009582519531 3.6273851 1.5490932 1.5691363 2.6975257 1.6862304 7.9700384 -1.605736494064331 0.992580771446228
Car 0.0 0 1.9403408765792847 173.01492309570312 194.67593383789062 422.72052001953125 361.8107604980469 3.8519723 1.5590426 1.5510429 -3.686932 1.8953314 9.16901 1.5580185651779175 0.9910520911216736
Car 0.0 0 1.813078761100769 361.12530517578125 193.67759704589844 486.866943359375 280.4500732421875 3.8954942 1.4248846 1.574423 -3.6791573 1.9067274 14.731023 1.5683300495147705 0.9867510795593262
Car 0.0 0 1.7688971757888794 461.683837890625 183.23504638671875 527.6160278320312 232.0914306640625 3.7908378 1.5183125 1.5521176 -3.9828398 1.9084696 25.164606 1.6119277477264404 0.9793144464492798
Car 0.0 0 -1.7519408464431763 672.962646484375 179.09877014160156 756.7039794921875 238.46212768554688 3.9171624 1.45612 1.6003681 2.7627761 1.6477692 20.107273 -1.6153939962387085 0.9685360789299011
Car 0.0 0 -1.7033820152282715 664.3410034179688 177.7201690673828 722.17626953125 225.0567169189453 3.7321806 1.5300041 1.5397537 2.834691 1.7156516 25.588537 -1.5930521488189697 0.9664848446846008
Car 0.0 0 1.7668805122375488 430.8583068847656 189.0130157470703 507.8617248535156 248.10679626464844 3.4787798 1.4603641 1.4967805 -3.956041 1.9595077 20.52556 1.5764780044555664 0.903895914554596
Car 0.0 0 -1.6555829048156738 638.8439331054688 180.1420440673828 667.0641479492188 203.8246307373047 3.349792 1.4551392 1.5533813 2.7388163 1.9480767 47.06922 -1.597461462020874 0.5987982749938965
