Car 0.0 0 0.5657922029495239 0.0 185.79249572753906 289.80029296875 313.1654052734375 3.6446023 1.489619 1.6375782 -6.449838 1.6758702 9.488664 -0.031207634136080742 0.9911472201347351
Car 0.0 0 -1.6187820434570312 640.5582885742188 179.73594665527344 676.042724609375 211.25350952148438 4.3058853 1.5299547 1.6542376 2.463165 1.9147297 38.13514 -1.554281234741211 0.9836556911468506
Car 0.0 0 -1.7496365308761597 669.5105590820312 185.20457458496094 753.7604370117188 244.7960662841797 3.997518 1.4325559 1.6221634 2.6867907 1.8139004 20.220516 -1.6175358295440674 0.9817599654197693
Car 0.0 0 -1.785249948501587 686.8705444335938 175.8381805419922 815.0061645507812 268.5335693359375 4.0937166 1.6214883 1.6962779 2.6674197 1.6917763 14.828991 -1.6072745323181152 0.9759917259216309
Car 0.0 0 -1.714809536933899 657.1390991210938 181.04562377929688 720.22705078125 227.548095703125 3.9754212 1.4795846 1.658753 2.671782 1.7945124 25.685734 -1.6111640930175781 0.975515604019165
Car 0.0 0 0.3961334526538849 158.86550903320312 180.80850219726562 394.6528015136719 261.1720275878906 3.943409 1.4802544 1.5763913 -6.520625 1.6477262 14.30584 -0.031534649431705475 0.9679434299468994
Car 0.0 0 0.2809675633907318 305.18756103515625 176.2204132080078 474.84381103515625 231.2152862548828 4.568403 1.5668435 1.6021919 -6.500764 1.6713353 21.48637 -0.012829684652388096 0.9619754552841187
Car 0.0 0 0.35735756158828735 282.5213317871094 179.5095672607422 446.50506591796875 242.24703979492188 3.7740045 1.5707601 1.6728086 -6.4752083 1.7560157 19.147259 0.03125190734863281 0.8901891112327576
Car 0.0 0 0.11391076445579529 459.6150817871094 177.98193359375 528.6958618164062 206.9638214111328 3.709187 1.5948311 1.6039107 -6.5595965 1.8921735 40.900333 -0.04511501267552376 0.8890070915222168
Car 0.0 0 -2.494152545928955 106.25222778320312 180.97740173339844 403.84130859375 283.9773254394531 4.3521996 1.517339 1.6365318 -5.895454 1.6669674 12.037262 -2.949580192565918 0.8866201639175415
Car 0.0 0 -1.651214361190796 629.1691284179688 177.8812255859375 654.7506713867188 202.1245880126953 3.61748 1.5440385 1.4269948 2.0886698 1.8954343 48.546238 -1.6082165241241455 0.8628037571907043
Car 0.0 0 0.1625794768333435 395.21734619140625 178.35784912109375 502.3973083496094 221.84410095214844 3.889181 1.6381217 1.7199372 -6.3136983 1.8624443 28.390427 -0.05624770373106003 0.7571209669113159
Car 0.0 0 -2.6304166316986084 253.99786376953125 179.1505126953125 416.90655517578125 244.76046752929688 3.221864 1.4332845 1.5807956 -6.448111 1.590695 16.974848 -2.993443727493286 0.5836488008499146
Car 0.0 0 3.1034927368164062 432.3754577636719 179.6361846923828 516.1918334960938 211.7443084716797 3.9963028 1.5131192 1.6321411 -6.773191 1.8613677 35.76659 2.916337013244629 0.5456178188323975
Car 0.0 0 -2.729771375656128 347.5065002441406 170.33099365234375 475.3492736816406 222.41831970214844 3.7220666 1.6474245 1.6903714 -6.5785885 1.5679847 23.920675 -2.9981532096862793 0.3435980975627899
Car 0.0 0 0.2688545882701874 486.339111328125 179.72848510742188 546.5641479492188 203.8878631591797 3.741669 1.5792819 1.6468703 -6.340954 2.0553575 48.852074 0.13977718353271484 0.30110910534858704
