Cyclist 0.0 0 -2.6709229946136475 1058.644775390625 166.54148864746094 1206.6802978515625 328.401611328125 1.2938107 1.8088005 0.6786268 6.2727 1.7386153 8.790989 -2.0511691570281982 0.38186559081077576
Car 0.0 0 -1.960910439491272 795.1141967773438 177.55413818359375 1149.0604248046875 375.0 3.9615588 1.5844207 1.6457976 3.1305027 1.6454527 7.319485 -1.5567598342895508 0.9979498982429504
Car 0.0 0 -1.7414904832839966 685.8115844726562 183.11021423339844 762.7374877929688 239.61221313476562 3.705089 1.4437175 1.5781759 3.1782863 1.7688899 20.980158 -1.5911434888839722 0.995628833770752
Car 0.0 0 0.36666160821914673 222.11280822753906 183.5770263671875 411.9515686035156 256.2191162109375 3.520418 1.4821888 1.5539064 -6.345436 1.7288024 15.76232 -0.016058269888162613 0.9726848006248474
Car 0.0 0 3.220668315887451 473.4248962402344 178.37557983398438 540.6011352539062 204.63906860351562 3.9790711 1.5688927 1.6871426 -6.3356843 1.9169859 44.471798 3.079155445098877 0.971299409866333
Car 0.0 0 0.2496410608291626 314.4564208984375 177.2783660888672 480.1358947753906 237.5882110595703 4.270734 1.6389806 1.6450751 -6.0276766 1.7713681 20.63309 -0.034585922956466675 0.9494209885597229
Car 0.0 0 -2.659446954727173 138.5733642578125 182.61985778808594 409.4772033691406 264.7394714355469 4.2953124 1.3948114 1.640437 -6.1607337 1.5891893 13.402923 -3.090301752090454 0.9161557555198669
Car 0.0 0 -2.53463077545166 42.896305084228516 178.7172393798828 339.96246337890625 287.3533020019531 3.7284305 1.5271162 1.6540579 -6.4339333 1.6267745 11.231866 -3.0548317432403564 0.8969784379005432
Car 0.0 0 -0.2987683415412903 738.7874755859375 181.74562072753906 842.1903686523438 222.9031524658203 3.5720873 1.5231148 1.6219128 6.9121895 1.8798279 28.003777 -0.05677484720945358 0.8432681560516357
Car 0.0 0 2.930088758468628 689.56494140625 182.88528442382812 785.0672607421875 211.69979858398438 4.792785 1.478324 1.5871265 6.714549 2.0265548 38.518852 3.102673053741455 0.8078911304473877
Car 0.0 0 0.06376813352108002 494.71783447265625 176.5679168701172 553.1890258789062 203.1693572998047 3.8870242 1.7814782 1.6984383 -5.898976 2.0417483 49.53883 -0.05475160852074623 0.8058735132217407
Car 0.0 0 -2.877392530441284 384.9176330566406 185.8107147216797 494.30584716796875 230.39170837402344 3.4582367 1.4898934 1.6151177 -6.0042877 1.9632998 25.47679 -3.1088457107543945 0.7785979509353638
Car 0.0 0 -2.7254512310028076 286.5067138671875 185.81687927246094 470.46807861328125 245.06387329101562 4.1741195 1.3899183 1.6038078 -5.876992 1.7390447 18.390478 -3.034761428833008 0.7111135125160217
Car 0.0 0 0.30700060725212097 428.84844970703125 174.9557647705078 518.6171264648438 210.07838439941406 3.938073 1.6375993 1.6730347 -6.580671 1.7425388 34.833515 0.12028336524963379 0.4163683354854584
