Car 0.0 0 0.5447015166282654 39.165348052978516 186.37353515625 380.7923583984375 293.0806884765625 4.4179525 1.4776217 1.6210507 -6.0584645 1.7036905 11.131613 0.046277761459350586 0.9934558272361755
Car 0.0 0 2.441206455230713 944.49658203125 189.25711059570312 1242.0 323.94317626953125 4.045067 1.4842267 1.6519022 6.5867157 1.7153155 9.166893 3.064262628555298 0.9926257729530334
Car 0.0 0 0.3308340907096863 213.4282684326172 170.69003295898438 415.2154235839844 255.6623992919922 3.7925065 1.7692863 1.6713257 -6.459476 1.7245862 15.95746 -0.053797755390405655 0.9911527037620544
Car 0.0 0 2.852548599243164 729.1953735351562 181.06195068359375 888.0556640625 235.57913208007812 4.225981 1.5252721 1.6776654 5.7442374 1.7786691 21.347332 3.1154069900512695 0.9903833270072937
Car 0.0 0 -2.888728380203247 397.0263977050781 178.57374572753906 503.6905212402344 218.98414611816406 3.9681094 1.5839007 1.6100386 -6.4932213 1.8242811 29.400808 -3.106091022491455 0.974489688873291
Car 0.0 0 -0.46600639820098877 881.2906494140625 186.62564086914062 1197.81396484375 287.8985595703125 4.0814404 1.4598056 1.5911573 6.6264896 1.6979743 11.55063 0.05484342575073242 0.9719794988632202
Car 0.0 0 -1.6369836330413818 634.9568481445312 181.4728546142578 672.5661010742188 213.97154235839844 3.8457594 1.4771068 1.5975435 2.080127 1.9275162 35.74461 -1.578855037689209 0.9667461514472961
Car 0.0 0 0.5053107738494873 131.8269805908203 188.03274536132812 394.9057922363281 272.1218566894531 4.147034 1.4068757 1.5289191 -6.3172174 1.705394 13.280546 0.061312198638916016 0.9562094807624817
Car 0.0 0 -2.7465806007385254 315.8522644042969 178.159423828125 466.40509033203125 236.7954864501953 3.870538 1.6122355 1.62845 -6.36113 1.7745956 21.023937 -3.0403900146484375 0.9322354793548584
Car 0.0 0 1.6202409267425537 560.1883544921875 179.27371215820312 581.162841796875 197.51068115234375 4.0098643 1.427542 1.5445263 -3.258823 1.9787428 59.90017 1.5658903121948242 0.8670491576194763
Car 0.0 0 -2.570215940475464 284.97955322265625 179.22012329101562 449.8971252441406 243.38951110839844 3.7614987 1.5248103 1.6139952 -6.275452 1.7005223 18.630445 -2.89511775970459 0.8609803915023804
Car 0.0 0 0.3333584666252136 432.3760986328125 179.76687622070312 507.814453125 211.43441772460938 3.4260688 1.5426025 1.5990822 -7.1116533 1.9038248 36.629498 0.14159321784973145 0.7629594802856445
Car 0.0 0 -1.5784324407577515 635.378662109375 181.04867553710938 663.42919921875 207.6878204345703 4.0374765 1.5301039 1.6593326 2.3922577 2.062172 44.759647 -1.5250364542007446 0.5927752256393433
Car 0.0 0 0.12820200622081757 425.9599914550781 175.5525665283203 510.3148498535156 212.6480255126953 3.5269032 1.6028602 1.515263 -6.315307 1.7268151 32.1727 -0.06562754511833191 0.5762190818786621
Car 0.0 0 -2.189321994781494 0.0 184.85595703125 203.77761840820312 375.0 3.9475071 1.4879106 1.6488112 -6.039023 1.6162345 6.48579 -2.9390647411346436 0.36394214630126953
