Car 0.0 0 2.0132720470428467 142.82659912109375 187.2263641357422 387.2622985839844 321.5648498535156 3.8862379 1.5107423 1.643596 -4.742208 1.7590533 10.487815 1.5886203050613403 0.9971668124198914
Car 0.0 0 -1.7922499179840088 726.3902587890625 180.9547576904297 842.1900634765625 259.74859619140625 3.8591 1.467458 1.6073033 3.6034048 1.6665301 15.764637 -1.567535161972046 0.9959498643875122
Car 0.0 0 -1.7332223653793335 707.7609252929688 177.68798828125 784.8621826171875 238.57943725585938 3.7512634 1.6246837 1.6413157 3.9030004 1.7813528 21.438946 -1.5531426668167114 0.9948551654815674
Car 0.0 0 -1.9034078121185303 765.5318603515625 181.72750854492188 970.5094604492188 307.02667236328125 3.871369 1.4727607 1.6008307 3.5018928 1.6287383 10.702708 -1.5871901512145996 0.9948291182518005
Car 0.0 0 1.7245855331420898 484.5998229980469 181.64141845703125 534.7142333984375 217.88519287109375 3.651035 1.4682635 1.658863 -4.422096 1.8802537 31.957722 1.5870853662490845 0.9947144389152527
Car 0.0 0 1.8640077114105225 317.7330017089844 187.9816436767578 455.50811767578125 265.63690185546875 4.332739 1.3825282 1.6819277 -4.753103 1.760828 15.855785 1.5727611780166626 0.994533896446228
Car 0.0 0 -1.7225611209869385 690.0914306640625 179.22122192382812 750.730224609375 225.67147827148438 3.9616704 1.5695251 1.6361237 3.9911406 1.824853 26.90611 -1.5752991437911987 0.9809597730636597
Car 0.0 0 -2.134652614593506 894.137939453125 184.01853942871094 1242.0 375.0 3.772681 1.513763 1.6011604 3.6038911 1.6279526 5.451768 -1.5505484342575073 0.9750761985778809
Car 0.0 0 1.70528244972229 504.6505432128906 179.0701141357422 549.2413330078125 212.77967834472656 4.0692453 1.5713564 1.7071036 -4.170073 1.9033462 36.439816 1.5913407802581787 0.9338991641998291
Car 0.0 0 2.2928686141967773 0.0 201.747314453125 205.4163360595703 375.0 4.069701 1.5198402 1.5723878 -4.7314177 1.8031728 5.0023637 1.5352988243103027 0.9112489819526672
