Pedestrian 0.0 0 1.5725312232971191 695.1038818359375 171.1476287841797 714.8194580078125 223.8152618408203 0.84821457 1.6609081 0.61746955 3.0087407 1.6074548 23.21213 1.7014318704605103 0.4202615022659302
Car 0.0 0 1.8765342235565186 240.4801025390625 195.1349334716797 467.8952941894531 342.52117919921875 4.0463414 1.4310429 1.645887 -3.1556425 1.7921742 9.648825 1.5604498386383057 0.9982012510299683
Car 0.0 0 -1.8685851097106934 730.1524047851562 189.68038940429688 943.88525390625 332.3195495605469 3.7337737 1.455389 1.6177838 2.722131 1.7257564 9.689908 -1.5947195291519165 0.9980795383453369
Car 0.0 0 -1.8039524555206299 695.3274536132812 188.94775390625 808.91943359375 272.64361572265625 3.4377034 1.441708 1.5041189 2.7437751 1.8126147 14.855574 -1.6213139295578003 0.9920774102210999
Car 0.0 0 -1.7585043907165527 669.0303955078125 186.17474365234375 747.133056640625 246.89035034179688 3.5440958 1.4779327 1.5048565 2.6013575 1.8841995 20.170267 -1.6302424669265747 0.990497350692749
Car 0.0 0 1.6938468217849731 485.81268310546875 191.19419860839844 550.1824951171875 246.3922882080078 3.6555345 1.4899596 1.553066 -2.8362007 2.1092813 22.51894 1.568559169769287 0.9897634983062744
Car 0.0 0 -1.6139706373214722 635.8673706054688 183.38092041015625 665.9878540039062 211.7292022705078 4.0597258 1.5681828 1.6285514 2.389769 2.232474 43.465435 -1.5590450763702393 0.9819093942642212
Car 0.0 0 1.6165655851364136 525.9796752929688 185.45040893554688 565.4943237304688 222.0994415283203 3.8404624 1.5285269 1.6482193 -2.9597929 2.1459017 33.3871 1.5281459093093872 0.9686601161956787
Car 0.0 0 -1.7163110971450806 658.6765747070312 178.09251403808594 717.7838745117188 228.7818603515625 3.3856928 1.5970262 1.5300009 2.5775607 1.7900419 24.80983 -1.6127897500991821 0.9592299461364746
Car 0.0 0 1.614086389541626 560.1800537109375 184.58950805664062 581.0579223632812 204.31361389160156 3.709602 1.5302988 1.5783108 -3.2743258 2.5378428 60.058907 1.5596216917037964 0.9204460978507996
Car 0.0 0 2.154043197631836 0.0 196.67550659179688 370.301513671875 375.0 3.5190394 1.541585 1.5319963 -2.9000528 1.7476026 4.461799 1.5776864290237427 0.7117215394973755
