Car 0.0 0 -1.841349720954895 749.2711181640625 182.81109619140625 914.0778198242188 294.9379577636719 3.508076 1.497126 1.6171783 3.342906 1.6833261 11.704071 -1.5631381273269653 0.995779275894165
Car 0.0 0 0.6375409960746765 0.0 186.61294555664062 351.6152648925781 335.0329895019531 4.487917 1.5205605 1.6608124 -5.64229 1.7013091 8.511007 0.05212259292602539 0.9838699698448181
Car 0.0 0 0.3776584267616272 204.37261962890625 182.04364013671875 428.2727355957031 262.14141845703125 4.1066093 1.5942888 1.6390429 -6.182078 1.8010968 15.378058 -0.004576424136757851 0.9837083220481873
Car 0.0 0 -1.7016397714614868 681.233154296875 181.87692260742188 730.259765625 219.86041259765625 3.5620654 1.4561219 1.5758985 3.917667 1.8575592 30.287628 -1.573005199432373 0.9810221791267395
Car 0.0 0 -1.742776870727539 715.5274047851562 180.0808563232422 820.2857055664062 256.2376708984375 3.998419 1.5336522 1.7008717 3.5108373 1.7239747 16.93781 -1.5383930206298828 0.9796718955039978
Car 0.0 0 0.30067864060401917 320.16033935546875 182.85848999023438 465.5458068847656 237.62637329101562 3.7115798 1.4949253 1.5813649 -6.228715 1.7948816 20.796099 0.009668111801147461 0.9663445353507996
Car 0.0 0 -2.9702353477478027 434.9326171875 176.98570251464844 536.2750244140625 218.3458709716797 3.962866 1.676826 1.6567671 -5.1984587 1.8551555 30.246496 -3.140442132949829 0.9574785828590393
Car 0.0 0 -2.883941888809204 394.98699951171875 180.9309539794922 505.90240478515625 227.20852661132812 3.5103314 1.5481697 1.5850985 -5.5841403 1.8414229 25.299572 -3.101179599761963 0.907686173915863
Car 0.0 0 -2.895887851715088 420.152587890625 183.0377655029297 532.8239135742188 221.1871337890625 4.009558 1.3980639 1.6020463 -5.145853 1.8047358 27.859531 -3.0785365104675293 0.7668812274932861
Car 0.0 0 0.1375572234392166 468.5788879394531 181.0665283203125 544.9019775390625 214.90184020996094 3.4881692 1.5904477 1.655283 -5.025552 2.0004718 35.154423 -0.004437168128788471 0.7346128821372986
Car 0.0 0 -0.09523920714855194 708.521728515625 179.35691833496094 785.7679443359375 207.36383056640625 4.0571585 1.4930359 1.6826771 7.505236 1.8627399 39.957363 0.09042859077453613 0.4567117691040039
Car 0.0 0 0.29931366443634033 379.8075256347656 184.3507537841797 505.795166015625 232.58792114257812 3.5797448 1.4375545 1.5926017 -5.286503 1.8169662 22.86356 0.07208728790283203 0.4374243915081024
Car 0.0 0 -2.9928548336029053 519.1676025390625 177.8852081298828 574.353271484375 199.27162170410156 3.915614 1.5608696 1.6713461 -4.7379737 1.9448612 54.06106 -3.080272674560547 0.33741071820259094
