Car 0.0 0 2.0503199100494385 97.59220123291016 202.81527709960938 331.5600280761719 325.673583984375 3.8749633 1.429862 1.5497171 -5.9225316 1.9793732 11.281664 1.566896677017212 0.9975149631500244
Car 0.0 0 1.7467021942138672 436.5524597167969 185.35800170898438 493.1730651855469 227.15431213378906 4.118338 1.5291594 1.5875548 -5.9375744 2.0804508 29.71297 1.5494691133499146 0.9956998825073242
Car 0.0 0 -1.6914626359939575 671.9232177734375 177.396728515625 737.9088745117188 225.7360076904297 4.2159204 1.4524949 1.6725035 3.0403838 1.61844 24.186447 -1.5664124488830566 0.9891604781150818
Car 0.0 0 -0.513996958732605 875.6033325195312 150.62733459472656 1076.78662109375 218.80078125 4.245796 1.6188813 1.6147822 9.013525 1.0914336 18.045307 -0.050754137337207794 0.9890944361686707
Car 0.0 0 1.8525729179382324 361.9898376464844 189.5000762939453 452.7615661621094 246.90724182128906 4.0010095 1.5022296 1.6136929 -6.114962 2.0577857 22.053284 1.5820870399475098 0.9888494610786438
Car 0.0 0 1.9153691530227661 269.8164978027344 198.26980590820312 403.5564880371094 278.31854248046875 3.8158686 1.4308664 1.5625404 -5.944645 2.0633774 16.02755 1.5601963996887207 0.986400842666626
Car 0.0 0 -1.6437604427337646 664.3335571289062 175.5758819580078 710.427734375 217.4686737060547 3.7135856 1.5861545 1.5892072 3.0557177 1.7046758 29.440727 -1.5403385162353516 0.8371819257736206
Car 0.0 0 2.3648104667663574 0.0 196.0259246826172 157.8424530029297 375.0 3.9661822 1.6842291 1.6112165 -5.875075 1.940717 5.976131 1.5879391431808472 0.7427218556404114
Car 0.0 0 1.714508295059204 468.0942687988281 185.4558868408203 511.97528076171875 217.6005859375 3.8119495 1.4433496 1.6205361 -5.9363246 2.103019 35.824806 1.5502960681915283 0.6977189779281616
Car 0.0 0 -0.5425822734832764 816.8201293945312 156.2818145751953 958.3033447265625 204.39776611328125 3.9906602 1.459454 1.5355815 8.760835 0.95714426 22.992882 -0.17854097485542297 0.6809588670730591
Car 0.0 0 2.5575366020202637 772.0006103515625 165.9866180419922 907.3818359375 207.94464111328125 4.4813247 1.4357787 1.6928046 8.252186 1.2011391 26.11669 2.8635828495025635 0.5495622158050537
Car 0.0 0 -0.4744853973388672 858.4249267578125 145.947265625 1007.7628784179688 202.16351318359375 3.5850158 1.5373764 1.54069 9.110748 0.80190116 20.602716 -0.05812765657901764 0.3982018232345581
Car 0.0 0 -1.516614556312561 706.9151000976562 172.763916015625 781.5540161132812 243.79623413085938 4.016183 1.6039952 1.6536556 3.47275 1.6023191 18.437634 -1.3304444551467896 0.36154091358184814
