Car 0.0 0 -1.7477387189865112 674.71923828125 182.0704345703125 760.1668701171875 241.06988525390625 3.8648188 1.4043071 1.6281455 2.7803059 1.6819651 19.745302 -1.6078499555587769 0.9960506558418274
Car 0.0 0 -1.9537910223007202 777.2081298828125 188.72328186035156 1079.909423828125 375.0 3.5230489 1.4488902 1.5722928 2.915278 1.654504 7.556778 -1.5856002569198608 0.9904848337173462
Car 0.0 0 -1.615086317062378 656.915283203125 177.7935791015625 698.8002319335938 217.8114471435547 3.803838 1.560023 1.5842099 2.7749941 1.7827291 30.539711 -1.5244700908660889 0.9860585331916809
Car 0.0 0 -2.7172186374664307 253.1608123779297 180.42567443847656 441.7290344238281 242.76644897460938 4.202055 1.4706742 1.5464139 -6.584605 1.6715958 18.177624 -3.0647530555725098 0.9842478036880493
Car 0.0 0 -2.587407350540161 1.2476873397827148 171.2295379638672 350.9420166015625 298.6637268066406 4.118235 1.7142518 1.74803 -6.243724 1.692757 10.624294 -3.1187214851379395 0.9445425271987915
Car 0.0 0 -2.873504400253296 349.8536071777344 170.9582977294922 484.7557067871094 231.99954223632812 3.8601 1.8813165 1.7062235 -6.138611 1.8232483 23.104643 -3.133192300796509 0.9379072785377502
Car 0.0 0 3.256349802017212 417.71923828125 177.637451171875 512.9874877929688 217.9897003173828 3.811624 1.6489152 1.6119162 -6.1265383 1.858979 30.669209 3.059183120727539 0.9321090579032898
Car 0.0 0 0.7557736039161682 0.0 192.47854614257812 275.8775634765625 352.3288269042969 3.9685616 1.5169177 1.6574624 -6.1675954 1.7667792 8.134766 0.10705947875976562 0.9274969696998596
Car 0.0 0 0.019263342022895813 464.850341796875 179.33944702148438 537.4100952148438 209.10836791992188 3.8823338 1.5805087 1.6735407 -6.021842 1.9488962 39.859818 -0.13067828118801117 0.7546433806419373
Car 0.0 0 -2.8787841796875 398.2456359863281 180.66165161132812 505.1253967285156 223.49932861328125 3.7691467 1.5923877 1.6077654 -6.1417904 1.9057944 28.035568 -3.0944485664367676 0.5248092412948608
Car 0.0 0 0.4777016043663025 148.87716674804688 178.39024353027344 365.00244140625 269.8894348144531 3.3083267 1.6062651 1.5673158 -6.592022 1.7172627 13.590381 0.02608489990234375 0.4978266954421997
