Car 0.0 0 -1.784569501876831 634.7890014648438 179.97354125976562 692.7821655273438 220.29486083984375 3.6473703 1.5174519 1.634497 2.108452 1.8303624 29.751717 -1.7138195037841797 0.9939368367195129
Car 0.0 0 -2.370945692062378 802.1314697265625 181.24786376953125 963.4036254882812 249.64051818847656 3.5995293 1.419813 1.4936031 6.3843474 1.6452485 17.399345 -2.01926851272583 0.9877418279647827
Car 0.0 0 0.7228819131851196 0.0 191.11636352539062 211.83226013183594 332.6772766113281 3.9814093 1.4688337 1.5903713 -7.191237 1.7067454 8.541904 0.023122310638427734 0.9759168028831482
Car 0.0 0 -1.641852617263794 616.8995361328125 178.5182342529297 652.8031005859375 208.1820526123047 4.0979896 1.4957597 1.6543255 1.2660561 1.8206134 39.25358 -1.6096105575561523 0.974556028842926
Car 0.0 0 0.31511741876602173 338.453857421875 184.0091552734375 470.3925476074219 230.1426239013672 4.143588 1.5317707 1.642381 -7.1828837 1.9370742 25.289862 0.038382768630981445 0.939294159412384
Car 0.0 0 -2.555347204208374 0.0 192.4691925048828 318.6962890625 296.6263732910156 3.8135767 1.3772594 1.6011202 -6.614895 1.6928335 10.728001 -3.107883930206299 0.8302317261695862
Car 0.0 0 -2.841886043548584 384.5487365722656 182.67095947265625 490.57672119140625 219.0149688720703 4.319804 1.550036 1.6325165 -7.6967134 2.0021052 32.241997 -3.0762176513671875 0.824439525604248
Car 0.0 0 -2.6642444133758545 113.07176971435547 160.82382202148438 390.60736083984375 274.58770751953125 4.237361 1.9361706 1.6972065 -6.43856 1.7317842 13.173827 -3.118842601776123 0.7456069588661194
Car 0.0 0 1.821169376373291 315.0736083984375 185.84690856933594 422.8966369628906 251.0755615234375 4.0779643 1.4669336 1.7433846 -6.2895117 1.8498719 19.150425 1.5038411617279053 0.7190808057785034
Car 0.0 0 3.163792133331299 375.907958984375 179.91380310058594 465.57391357421875 218.03787231445312 3.4265199 1.4614172 1.615064 -7.6794147 1.759843 29.277584 2.907274007797241 0.33922335505485535
