Car 0.0 0 1.8720033168792725 245.37071228027344 187.9584197998047 374.9729919433594 258.81549072265625 4.0114026 1.4169827 1.628147 -6.7335505 1.4893459 16.598795 1.4866228103637695 0.994528591632843
Car 0.0 0 1.9661966562271118 31.710994720458984 192.1645050048828 280.7687683105469 320.4040222167969 3.8621378 1.4350269 1.5959246 -6.1638284 1.5552043 10.2857485 1.426322102546692 0.9922100305557251
Car 0.0 0 -1.730514645576477 582.5665283203125 179.59434509277344 674.8912963867188 250.30235290527344 3.9283643 1.5314825 1.6225605 0.350535 1.4108593 17.624187 -1.710627794265747 0.9889739751815796
Car 0.0 0 1.6315034627914429 480.33477783203125 182.18048095703125 530.8878173828125 223.78329467773438 3.6367419 1.4328291 1.6363468 -3.757773 1.3294259 26.631683 1.4913272857666016 0.9870132803916931
Car 0.0 0 1.7798559665679932 328.48907470703125 184.96368408203125 405.93634033203125 233.46755981445312 4.1620016 1.5271832 1.6997555 -8.221315 1.5203804 24.792408 1.4596606492996216 0.9211428761482239
Car 0.0 0 1.7421096563339233 395.5692138671875 181.75238037109375 441.39007568359375 211.85104370117188 3.8610325 1.4663092 1.6476682 -9.713279 1.2987192 37.01027 1.4854497909545898 0.8199423551559448
Car 0.0 0 1.812048316001892 285.4332580566406 171.0830841064453 341.1315002441406 206.9754180908203 3.7764075 1.6174182 1.6087124 -14.039267 0.98169124 34.375454 1.4243133068084717 0.7552404999732971
Car 0.0 0 -1.583950400352478 532.9261474609375 181.85690307617188 552.9129028320312 199.2698974609375 3.7267034 1.355281 1.5486845 -5.2599564 1.0949928 57.879436 -1.6745792627334595 0.7503030300140381
Car 0.0 0 -1.4745545387268066 469.0505676269531 181.5447540283203 509.4662170410156 212.21002197265625 3.491522 1.4432437 1.6497681 -5.8547306 1.2716048 35.625603 -1.6374391317367554 0.611720860004425
Car 0.0 0 1.9565082788467407 225.12893676757812 182.58531188964844 313.273681640625 228.27516174316406 3.4191961 1.4666678 1.5804993 -11.624577 1.3833628 24.820435 1.518502116203308 0.5812164545059204
Car 0.0 0 -1.4994045495986938 443.4413757324219 177.24440002441406 465.5635070800781 195.4940948486328 3.6356757 1.4929041 1.5740718 -12.92679 0.8419493 60.710785 -1.7091957330703735 0.42016738653182983
