Cyclist 0.0 0 2.124485969543457 176.84234619140625 172.48863220214844 341.63714599609375 375.0 1.583814 1.7750063 0.5629465 -3.080819 1.7725369 6.397716 1.6757071018218994 0.45964139699935913
Car 0.0 0 -1.860512137413025 688.8757934570312 179.7891387939453 860.1103515625 301.6730041503906 3.697646 1.562915 1.5726658 2.3311424 1.6910185 11.37748 -1.6584181785583496 0.9884045124053955
Car 0.0 0 -1.6749576330184937 602.6976318359375 185.02938842773438 664.4072265625 233.4119110107422 3.6522536 1.3796321 1.6096236 0.6431929 1.8066885 23.40181 -1.647479772567749 0.9879387617111206
Car 0.0 0 1.9225863218307495 175.60386657714844 192.02859497070312 372.2669372558594 301.4711608886719 4.264995 1.4828963 1.7299775 -5.682841 1.8796308 12.726382 1.5026133060455322 0.9808374047279358
Car 0.0 0 1.7648512125015259 399.67376708984375 188.9114990234375 459.6636657714844 229.8981475830078 3.970552 1.4353025 1.5907664 -7.1745424 2.1232438 28.871334 1.5212843418121338 0.9769816994667053
Car 0.0 0 -0.36778151988983154 701.4285888671875 179.78689575195312 837.1610717773438 228.4511260986328 3.948968 1.4698787 1.602113 5.030413 1.7036794 23.197784 -0.15423884987831116 0.8844549655914307
Car 0.0 0 -1.6106421947479248 575.3864135742188 182.84263610839844 612.7722778320312 218.35365295410156 3.6363876 1.508978 1.5844635 -0.8258632 1.9999611 33.57258 -1.6352366209030151 0.8769698143005371
Car 0.0 0 2.0892772674560547 0.0 194.11209106445312 258.8031921386719 375.0 3.6095417 1.470803 1.5664176 -4.9718537 1.7324953 6.993757 1.4712738990783691 0.8766832947731018
Car 0.0 0 -2.228198528289795 850.0211791992188 184.8027801513672 1242.0 375.0 3.9818685 1.4967636 1.6205815 2.7934952 1.5957958 3.9340825 -1.6107425689697266 0.7363647222518921
Car 0.0 0 -1.7096611261367798 556.1445922851562 183.75022888183594 586.804443359375 208.1986541748047 3.8074667 1.5338737 1.563975 -2.6872766 2.3059924 49.08388 -1.764355182647705 0.6990118026733398
