Pedestrian 0.0 0 1.7983307838439941 411.9074401855469 174.74365234375 431.6942138671875 219.93357849121094 0.5543271 1.6936619 0.6175616 -7.1735287 1.7664028 27.349504 1.5418180227279663 0.8949924111366272
Pedestrian 0.0 0 1.8418861627578735 429.0780029296875 180.30966186523438 449.1185302734375 222.62136840820312 0.5699131 1.5864625 0.6126228 -6.5420456 1.873566 27.451553 1.6079374551773071 0.7399361729621887
Car 0.0 0 1.784952998161316 401.881103515625 190.92843627929688 486.91064453125 247.98260498046875 3.9154692 1.40484 1.6053385 -4.7454615 1.9798357 20.972605 1.562430500984192 0.9948009252548218
Car 0.0 0 -1.7717516422271729 689.2877807617188 185.23406982421875 799.802978515625 269.35577392578125 3.3364866 1.4465903 1.5256261 2.544396 1.726337 14.591463 -1.599111795425415 0.9930723309516907
Car 0.0 0 1.6930242776870728 460.7890319824219 184.45672607421875 511.2897033691406 224.3367156982422 3.8892264 1.4833999 1.6043246 -5.1213083 1.9975524 29.96839 1.5237689018249512 0.977042019367218
Car 0.0 0 -1.681349277496338 647.9962768554688 183.9400177001953 704.3772583007812 229.6615447998047 3.3780127 1.4150474 1.5557226 2.170998 1.8236747 24.86279 -1.594251036643982 0.9766621589660645
Car 0.0 0 1.683987021446228 495.5401306152344 183.2230682373047 529.343017578125 211.57037353515625 3.843869 1.6091778 1.635079 -5.9793057 2.2742524 44.31333 1.549864649772644 0.9525282979011536
Car 0.0 0 2.25803804397583 0.0 207.04977416992188 204.71408081054688 375.0 3.6086261 1.4855493 1.6002064 -4.5808687 1.8090771 4.968858 1.513245940208435 0.9422895312309265
Car 0.0 0 -1.584465503692627 628.4113159179688 181.94151306152344 659.3402709960938 211.6486358642578 3.6094763 1.5600462 1.671668 1.8533733 2.0978358 40.83837 -1.5391135215759277 0.7941882014274597
Car 0.0 0 1.698297142982483 521.6484985351562 184.18896484375 546.584716796875 203.4018096923828 4.1000643 1.4759969 1.5530533 -6.2917 2.4504142 59.934742 1.593704342842102 0.4230448007583618
