Car 0.0 0 1.989621877670288 167.89732360839844 185.52352905273438 396.82464599609375 313.6817626953125 4.0083275 1.5423038 1.6628975 -4.7752023 1.7728618 11.093025 1.5831280946731567 0.9982262253761292
Car 0.0 0 1.780311107635498 417.3326416015625 184.5017547607422 500.0533142089844 238.7569580078125 4.121226 1.4345608 1.6417483 -4.548348 1.8238965 22.02766 1.5766892433166504 0.9975437521934509
Car 0.0 0 -2.1297452449798584 872.9781494140625 180.19427490234375 1242.0 375.0 3.8695145 1.517168 1.6370829 3.7622917 1.6006613 6.222427 -1.5859253406524658 0.9954642653465271
Car 0.0 0 -1.8068445920944214 722.4815673828125 178.3896484375 837.9102172851562 255.9916229248047 4.085902 1.5484681 1.652655 3.738375 1.6930856 16.744379 -1.5871855020523071 0.9947850108146667
Car 0.0 0 -1.696611762046814 703.5478515625 177.83554077148438 774.3877563476562 231.35140991210938 3.930467 1.4722513 1.6419133 3.827555 1.6398414 22.219507 -1.5260249376296997 0.9946863651275635
Car 0.0 0 -1.898110032081604 767.0778198242188 179.6946563720703 947.3313598632812 291.74005126953125 3.708768 1.4932919 1.5941234 3.7308009 1.6224238 11.710941 -1.5897011756896973 0.9945776462554932
Car 0.0 0 1.8719018697738647 351.94500732421875 185.89666748046875 466.0210876464844 262.6338195800781 3.6588535 1.5132539 1.515103 -4.563499 1.8492522 16.710829 1.6053156852722168 0.9886000156402588
Car 0.0 0 1.6760212182998657 514.5848388671875 180.19747924804688 552.9660034179688 209.5725555419922 3.891488 1.4409629 1.6279478 -4.032192 1.8510618 38.31053 1.5711570978164673 0.9885707497596741
Car 0.0 0 -1.7146563529968262 692.1116333007812 177.5613555908203 747.1067504882812 221.66639709472656 3.4427133 1.5653454 1.5960473 4.099311 1.757667 27.697342 -1.5677192211151123 0.9069024324417114
Car 0.0 0 1.6674323081970215 531.4690551757812 178.03472900390625 567.154296875 206.56809997558594 4.039368 1.5887284 1.7357765 -3.5959144 1.9120064 42.940575 1.5838855504989624 0.7194726467132568
