Pedestrian 0.0 0 1.6608814001083374 449.2567138671875 173.0069122314453 466.4052734375 215.0079803466797 0.68584603 1.7013241 0.63060904 -6.281423 1.7080374 29.605047 1.4518078565597534 0.5259183645248413
Car 0.0 0 -1.7736691236495972 689.5429077148438 181.0859832763672 815.3458251953125 265.4305114746094 4.3208876 1.4519074 1.672271 2.7289648 1.6485499 15.022439 -1.593969464302063 0.99664705991745
Car 0.0 0 1.776201844215393 412.9125671386719 183.13568115234375 496.7213134765625 242.6175537109375 4.016769 1.5590272 1.6618737 -4.579293 1.8960938 21.615286 1.567434310913086 0.9957483410835266
Car 0.0 0 -1.9526790380477905 791.636962890625 186.29354858398438 1094.6405029296875 375.0 3.4478192 1.4824289 1.5524637 3.0303779 1.6540595 7.465715 -1.567091703414917 0.9940244555473328
Car 0.0 0 -1.7215253114700317 674.5942993164062 179.10995483398438 747.47021484375 236.9749755859375 3.527524 1.5207186 1.5787143 2.8226063 1.7196432 21.121544 -1.58867609500885 0.9892727136611938
Car 0.0 0 1.7521507740020752 460.7852783203125 177.18222045898438 522.30908203125 225.54872131347656 3.8818753 1.6774341 1.62366 -4.4479985 1.8534786 27.328434 1.5908046960830688 0.9880478382110596
Car 0.0 0 -1.7004342079162598 656.8761596679688 177.7385711669922 707.2278442382812 218.2153778076172 3.6995153 1.5405358 1.5893337 2.8695247 1.755255 29.786812 -1.6043951511383057 0.971238374710083
Car 0.0 0 0.5249189138412476 85.5749282836914 184.42161560058594 305.6652526855469 246.45712280273438 4.2794695 1.36131 1.542761 -9.646299 1.6453807 16.908781 0.006480216979980469 0.9694861769676208
Car 0.0 0 1.6943714618682861 490.5545654296875 178.84124755859375 537.7996826171875 216.86851501464844 4.0014143 1.585071 1.6422976 -4.318759 1.8735436 32.71168 1.5631057024002075 0.9329437017440796
Car 0.0 0 1.5589300394058228 539.0717163085938 179.4491729736328 556.1445922851562 195.1223602294922 3.8720117 1.3942071 1.5496508 -5.9093046 2.033262 67.870224 1.4720813035964966 0.5248487591743469
