Car 0.0 0 -2.0136635303497314 792.2937622070312 192.37466430664062 1242.0 375.0 4.411439 1.4067671 1.6936476 2.7038102 1.6155213 5.4816966 -1.5554357767105103 0.9936402440071106
Car 0.0 0 -0.42152416706085205 797.099365234375 179.59408569335938 1032.908203125 258.8855285644531 4.179167 1.521985 1.6319307 6.1170535 1.6695814 14.878127 -0.031447917222976685 0.9924015998840332
Car 0.0 0 0.3356912136077881 259.1300048828125 174.2687530517578 438.8123779296875 241.5528564453125 3.6573076 1.512023 1.6757545 -6.1307693 1.547591 17.101154 -0.008536107838153839 0.9839615821838379
Car 0.0 0 -1.6105471849441528 639.3428344726562 178.9225616455078 664.801025390625 202.5921173095703 3.592371 1.5044274 1.563568 2.7715874 1.9287391 48.59507 -1.553574562072754 0.9730650782585144
Car 0.0 0 2.96376633644104 695.5042724609375 178.60452270507812 787.6941528320312 213.69432067871094 4.073269 1.6133826 1.6856066 6.1621256 1.8937783 34.291706 3.141566038131714 0.96430903673172
Car 0.0 0 -0.3638191223144531 758.4418334960938 179.8822479248047 914.1322631835938 231.6280975341797 4.266087 1.5067964 1.6617221 6.854258 1.7332149 22.23791 -0.06483452022075653 0.9285370707511902
Car 0.0 0 -0.29169392585754395 745.22900390625 180.64981079101562 875.73095703125 224.4077606201172 4.0028896 1.421995 1.5455927 6.7146087 1.6966254 24.560158 -0.02482106350362301 0.9185374975204468
Car 0.0 0 -2.64823317527771 376.0158386230469 175.7444610595703 504.7833251953125 225.41880798339844 3.9092407 1.5728872 1.6429342 -5.7304854 1.675784 24.294436 -2.879875659942627 0.9093255996704102
Car 0.0 0 3.713682174682617 0.0 198.07907104492188 284.17095947265625 375.0 4.433949 1.4349165 1.7262093 -5.730936 1.7129986 6.8021383 3.0135467052459717 0.8893300294876099
Car 0.0 0 -2.8382043838500977 299.6344299316406 177.25527954101562 476.70404052734375 237.40426635742188 4.3019753 1.5498242 1.5832411 -5.953022 1.6741567 19.514124 -3.1342990398406982 0.8831513524055481
Car 0.0 0 -3.6092562675476074 900.2755737304688 183.7898712158203 1242.0 297.175537109375 4.0703363 1.4570618 1.645868 6.5141463 1.6312183 10.463374 -3.0524089336395264 0.8549134135246277
Car 0.0 0 -2.977337121963501 486.1314392089844 171.27101135253906 556.6885986328125 197.4930877685547 4.213885 1.6212351 1.5829921 -5.5829954 1.5237217 45.48741 -3.09946346282959 0.8049749135971069
Car 0.0 0 -2.846400499343872 410.39453125 169.2822723388672 515.1398315429688 214.36676025390625 3.8243647 1.752708 1.6225718 -5.921785 1.6142113 29.03498 -3.0475945472717285 0.7254344820976257
Car 0.0 0 -2.9635748863220215 475.98583984375 175.2530517578125 544.1720581054688 200.30755615234375 3.7575102 1.4437302 1.67455 -5.906239 1.5889801 42.66218 -3.101142406463623 0.6174127459526062
Car 0.0 0 0.49890071153640747 0.0 164.4207000732422 359.5244445800781 318.8655090332031 3.6859856 1.8089467 1.6810557 -5.424971 1.7105289 9.338941 -0.027354732155799866 0.4226140081882477
Car 0.0 0 0.31818464398384094 390.7829895019531 181.11717224121094 502.8493347167969 219.8210906982422 3.7431397 1.3597642 1.580232 -6.0410547 1.6772672 26.724619 0.09587264060974121 0.4031548798084259
