Pedestrian 0.0 0 -2.5854406356811523 334.73687744140625 176.4520263671875 368.18701171875 244.81565856933594 0.4921556 1.5834936 0.6241772 -6.1731615 1.6709348 17.104107 -2.93180775642395 0.4134416878223419
Car 0.0 0 1.7554408311843872 413.7641296386719 184.2462158203125 497.6502380371094 245.32057189941406 3.7470627 1.4756554 1.6089716 -4.221019 1.8221419 20.028046 1.5477252006530762 0.9962756633758545
Car 0.0 0 -1.7672815322875977 650.4083251953125 176.6703643798828 736.83544921875 242.91310119628906 3.7686691 1.5874912 1.5816019 2.0994864 1.7010919 19.460262 -1.6598113775253296 0.9936956763267517
Car 0.0 0 -1.9788403511047363 776.4051513671875 187.36863708496094 1051.3192138671875 364.57763671875 3.2657478 1.4575508 1.4985377 2.9576936 1.6498697 7.8724537 -1.6194547414779663 0.9925652742385864
Car 0.0 0 -1.7266871929168701 633.523681640625 179.45538330078125 698.6766967773438 230.667236328125 4.3404713 1.5790747 1.5756193 1.8085359 1.8290162 25.048374 -1.654610514640808 0.989116370677948
Car 0.0 0 -1.805768370628357 691.7185668945312 179.19561767578125 809.9658813476562 268.6253356933594 3.3700635 1.5584077 1.5599287 2.6534383 1.7017477 14.54046 -1.6252679824829102 0.9872409701347351
Car 0.0 0 1.724420189857483 452.5123596191406 186.0911865234375 512.2767333984375 230.52146911621094 3.769168 1.4089417 1.5528922 -4.5480723 1.9195452 25.910044 1.5506572723388672 0.9494665265083313
Car 0.0 0 2.234398365020752 0.0 200.85568237304688 286.8401184082031 375.0 3.4422235 1.5468669 1.6222922 -3.3555083 1.7688223 3.9551616 1.5308414697647095 0.7104025483131409
Car 0.0 0 1.7084022760391235 471.2161865234375 177.50086975097656 517.408203125 216.58485412597656 3.8249412 1.6605368 1.5789635 -5.275815 1.8861153 33.039764 1.5500582456588745 0.44923147559165955
Car 0.0 0 1.7074825763702393 486.271240234375 179.1681365966797 527.8834228515625 214.04910278320312 3.4787354 1.6233218 1.5946344 -5.1161904 1.9535627 35.950962 1.5661214590072632 0.3225400447845459
Car 0.0 0 -0.028301775455474854 726.264892578125 169.4835968017578 799.1273803710938 195.86537170410156 4.101018 1.5039301 1.6175059 8.872416 1.3121531 42.289497 0.17850065231323242 0.30731767416000366
