Car 0.0 0 -1.7388312816619873 643.712158203125 179.72714233398438 753.6013793945312 265.271484375 3.7216706 1.5279804 1.5905496 1.6770306 1.4310755 14.737873 -1.62552809715271 0.9971911311149597
Car 0.0 0 1.8791358470916748 237.87405395507812 187.1848602294922 385.214599609375 272.7434997558594 3.8134086 1.4661369 1.6167599 -5.768833 1.5120025 14.36577 1.4972784519195557 0.9953124523162842
Car 0.0 0 1.6518727540969849 520.0064086914062 181.517578125 568.5828857421875 221.25704956054688 3.7695694 1.4910442 1.6425475 -2.5214057 1.3534206 28.857784 1.564720630645752 0.9923229217529297
Car 0.0 0 1.7607253789901733 350.6597595214844 185.7817840576172 435.0300598144531 240.35552978515625 3.833206 1.412983 1.6182944 -6.0976443 1.4319316 20.635702 1.4734113216400146 0.9919548630714417
Car 0.0 0 1.6155561208724976 510.42059326171875 181.96585083007812 543.8004150390625 209.48388671875 3.8215373 1.3815279 1.5879768 -4.2532125 1.2195024 38.045338 1.5042251348495483 0.977840006351471
Car 0.0 0 1.7420248985290527 392.7863464355469 183.22731018066406 454.81182861328125 223.83937072753906 4.11164 1.4994237 1.716635 -7.279528 1.4271427 28.653 1.4932304620742798 0.9692935943603516
Car 0.0 0 2.2107391357421875 0.0 199.74261474609375 198.59474182128906 376.0 3.844462 1.4413561 1.6179003 -5.051471 1.597291 5.670864 1.4830434322357178 0.9139390587806702
Car 0.0 0 1.750838279724121 342.0228576660156 174.5159454345703 385.96197509765625 204.7649688720703 3.4508214 1.5038774 1.5828565 -12.711864 0.9730542 37.557632 1.42447829246521 0.6504747271537781
Car 0.0 0 1.9037768840789795 299.5799560546875 185.09255981445312 374.345947265625 222.8801727294922 3.729994 1.3635652 1.5725579 -10.421558 1.3602532 27.820522 1.5453572273254395 0.49139752984046936
Car 0.0 0 1.8260948657989502 441.57269287109375 181.2890625 485.0391540527344 207.8709716796875 3.578832 1.4422033 1.5686492 -8.180493 1.230295 40.82937 1.6283550262451172 0.37744906544685364
