Car 0.0 0 2.0932724475860596 42.746219635009766 196.98512268066406 337.93310546875 340.6500244140625 4.4213414 1.5074705 1.6657709 -5.741624 1.93525 10.547462 1.5947692394256592 0.9954504370689392
Car 0.0 0 1.8970577716827393 285.14617919921875 192.1142578125 412.5426330566406 269.54937744140625 3.756364 1.4541117 1.5818732 -5.8112936 1.9421208 16.376257 1.5560591220855713 0.994551956653595
Car 0.0 0 -1.7681763172149658 696.7085571289062 181.3936309814453 779.9905395507812 241.43356323242188 3.709187 1.4678081 1.554408 3.413158 1.7276626 20.046686 -1.5995330810546875 0.9926033616065979
Car 0.0 0 -1.8690292835235596 757.9418334960938 177.76861572265625 969.242431640625 317.4898681640625 3.9556794 1.5558668 1.6143141 3.2263758 1.6389476 10.156897 -1.5614562034606934 0.9900515675544739
Car 0.0 0 1.841638445854187 407.9458923339844 185.596923828125 485.02410888671875 234.26206970214844 4.179323 1.5024681 1.592182 -5.717722 1.9910524 25.51479 1.6211861371994019 0.9853965640068054
Car 0.0 0 -1.6444356441497803 659.4718627929688 176.90188598632812 699.0352783203125 210.76846313476562 3.8456435 1.5101972 1.5965066 3.2268023 1.715404 34.5737 -1.551374077796936 0.9851182699203491
Car 0.0 0 -2.185612916946411 881.33544921875 185.55453491210938 1242.0 375.0 3.8140156 1.5835054 1.6079731 3.1998537 1.698282 4.586075 -1.5764104127883911 0.9617921710014343
Car 0.0 0 -1.6832122802734375 678.4346313476562 181.90208435058594 737.4368896484375 226.15060424804688 3.948809 1.4017556 1.6261618 3.3573246 1.7488188 25.656675 -1.553095817565918 0.9602987170219421
Car 0.0 0 1.7829177379608154 488.035888671875 179.7674102783203 528.92822265625 209.19102478027344 3.4574447 1.5458665 1.5831558 -5.6899066 1.951606 40.52444 1.6434228420257568 0.8012046813964844
Car 0.0 0 -1.177837610244751 250.960693359375 166.82974243164062 317.3780517578125 199.92703247070312 3.5453136 1.4377991 1.5390954 -14.922204 1.1764543 33.137062 -1.6009557247161865 0.5461760759353638
