Car 0.0 0 -1.9848487377166748 788.546630859375 188.2268524169922 1211.001220703125 375.0 3.8958795 1.4105245 1.635471 2.8198583 1.5883591 6.3775005 -1.5685359239578247 0.9975766539573669
Car 0.0 0 -1.7577694654464722 690.1224975585938 173.62982177734375 799.0703735351562 257.8769226074219 3.8947792 1.5905088 1.5764492 2.7167373 1.6097646 15.614079 -1.5855011940002441 0.9959028363227844
Car 0.0 0 -1.6858668327331543 652.2752685546875 173.58218383789062 700.7725830078125 212.25857543945312 3.6919312 1.4748306 1.5430994 2.6120424 1.5067931 29.447437 -1.5973964929580688 0.9914990067481995
Car 0.0 0 0.44232577085494995 186.01483154296875 167.85458374023438 405.289794921875 249.4588623046875 3.6689916 1.5265372 1.6056868 -6.196775 1.4333731 14.361251 0.03496861457824707 0.9452754855155945
Car 0.0 0 3.3652782440185547 375.00439453125 171.79331970214844 501.259521484375 214.28579711914062 4.324497 1.5335274 1.6051924 -6.3699946 1.4956062 26.859499 3.132420539855957 0.9429200291633606
Car 0.0 0 0.30795514583587646 365.1164855957031 174.94996643066406 495.9606018066406 220.04737854003906 4.010657 1.4729621 1.6937456 -6.106604 1.5477073 24.629805 0.06492042541503906 0.8432685732841492
Car 0.0 0 3.465656280517578 242.15371704101562 171.7909393310547 430.71624755859375 237.5780487060547 3.8256845 1.4586042 1.5252111 -6.321097 1.4353923 16.824574 3.106266736984253 0.8060010075569153
Car 0.0 0 -2.619140863418579 315.48211669921875 173.06838989257812 454.084716796875 220.9630889892578 3.8056922 1.3835937 1.4693288 -6.8795023 1.3908203 21.982103 -2.9224441051483154 0.7485959529876709
Car 0.0 0 -1.6139169931411743 627.9758911132812 170.0565643310547 648.2554321289062 188.58938598632812 3.4578974 1.5737675 1.6173633 2.4094405 1.3365728 63.001637 -1.5756915807724 0.7226142287254333
Car 0.0 0 0.33991098403930664 415.30938720703125 170.03285217285156 520.6318359375 206.2711181640625 4.215926 1.5333545 1.684712 -6.235899 1.4143412 31.666815 0.1454765796661377 0.522891104221344
Car 0.0 0 -3.2714903354644775 688.653076171875 166.01113891601562 775.6929931640625 199.02438354492188 3.905211 1.5309653 1.5955573 5.721214 1.2139904 34.32416 -3.1063268184661865 0.42455747723579407
Car 0.0 0 -2.6259942054748535 439.2326965332031 172.96548461914062 523.68505859375 203.55995178222656 3.9807143 1.5090408 1.6292928 -6.62759 1.5153412 37.026115 -2.8031160831451416 0.4242970049381256
