Car 0.0 0 -1.738477349281311 674.755615234375 182.87844848632812 768.2938232421875 255.0012969970703 3.3523219 1.4199176 1.5286964 2.3729281 1.671238 16.36717 -1.5944995880126953 0.985865592956543
Car 0.0 0 1.743542194366455 413.9505615234375 189.96998596191406 487.56982421875 240.52496337890625 3.9365454 1.355026 1.6022905 -4.95242 1.9411731 22.691357 1.5286604166030884 0.9852539896965027
Car 0.0 0 1.6854948997497559 456.8465576171875 182.7240753173828 504.59271240234375 219.94674682617188 3.8302062 1.4737636 1.628388 -5.632186 1.932812 31.567373 1.508934736251831 0.9836257100105286
Car 0.0 0 2.1787030696868896 0.0 208.6709747314453 274.0605163574219 375.0 4.0464163 1.4135576 1.6355174 -4.7636275 1.8351275 6.4363804 1.5415618419647217 0.9822743535041809
Car 0.0 0 -1.614188313484192 618.3094482421875 181.35108947753906 648.4815063476562 210.3440704345703 3.800267 1.5878046 1.6060829 1.3061194 2.111683 42.542217 -1.5834962129592896 0.9778681993484497
Car 0.0 0 -1.6977341175079346 635.1830444335938 181.82601928710938 687.9110107421875 225.20181274414062 3.4289806 1.4555516 1.5094179 1.8026936 1.8096946 26.692642 -1.6303012371063232 0.8823983073234558
Car 0.0 0 1.7025712728500366 490.0255126953125 185.2292938232422 525.0791015625 210.68783569335938 4.0056543 1.4743185 1.6899481 -6.4787984 2.2938125 45.74653 1.5618830919265747 0.7265915274620056
Car 0.0 0 1.5787708759307861 511.5960388183594 182.8231964111328 532.1844482421875 202.1428985595703 4.1804347 1.5256883 1.6802416 -7.5027046 2.4043083 61.391026 1.4571621417999268 0.6376177072525024
Car 0.0 0 -2.175935745239258 883.2355346679688 186.98074340820312 1242.0 375.0 4.161587 1.485382 1.6341057 2.9900708 1.6051576 3.9859734 -1.5323398113250732 0.44739165902137756
Car 0.0 0 2.6188161373138428 857.9086303710938 169.7842254638672 1057.37255859375 245.8726043701172 3.6336005 1.5761049 1.6333704 7.5217752 1.5128751 15.90431 3.060581922531128 0.3054995536804199
