Pedestrian 0.0 0 -2.453695774078369 677.2238159179688 171.3085174560547 743.9124145507812 282.8090515136719 0.8929424 1.7482008 0.61833125 1.744577 1.5897081 11.798507 -2.3068952560424805 0.9246464371681213
Pedestrian 0.0 0 1.8404514789581299 433.03997802734375 168.81646728515625 472.7220764160156 252.6065673828125 0.95183957 1.7751176 0.62135285 -3.2738228 1.5076443 15.710398 1.6350058317184448 0.6297265887260437
Pedestrian 0.0 0 -0.7293845415115356 634.1151733398438 175.29803466796875 676.0747680664062 237.13003540039062 1.0321211 1.7169502 0.63912106 1.5043656 1.5458851 20.512148 -0.6561753749847412 0.5578827261924744
Pedestrian 0.0 0 -2.431305170059204 700.18505859375 168.04527282714844 753.2382202148438 260.22686767578125 0.8164784 1.6754786 0.561452 2.318026 1.4321952 13.547231 -2.2618393898010254 0.4953160285949707
Pedestrian 0.0 0 -0.7202069163322449 1107.05078125 127.82209777832031 1206.4024658203125 307.302490234375 0.6202668 1.8209172 0.55034685 5.7958345 1.2776941 7.580701 -0.06745785474777222 0.38908806443214417
Pedestrian 0.0 0 -1.7498605251312256 753.30078125 162.0521240234375 787.908447265625 242.03878784179688 0.885958 1.7163386 0.59249514 3.689981 1.3002574 15.868354 -1.5213838815689087 0.3788362145423889
Pedestrian 0.0 0 -2.470296621322632 708.03173828125 164.509765625 774.1121826171875 275.8406066894531 0.8539707 1.7741001 0.664724 2.2830088 1.504649 11.984751 -2.2820591926574707 0.32775330543518066
Cyclist 0.0 0 0.544582724571228 155.3270263671875 180.63687133789062 268.4752502441406 276.9612731933594 1.6408352 1.6129751 0.5959554 -6.726138 1.5998069 12.361681 0.046271324157714844 0.5003193616867065
Cyclist 0.0 0 1.4317686557769775 530.048095703125 176.2488555908203 549.8773193359375 224.77713012695312 1.4382266 1.7467916 0.5345544 -2.307673 1.5588257 26.614769 1.3452785015106201 0.32072702050209045
Car 0.0 0 1.6358202695846558 562.0284423828125 184.3849334716797 599.205810546875 214.89892578125 3.6654363 1.4414443 1.6365951 -1.0080608 1.5949318 36.14309 1.6079366207122803 0.9887018203735352
