Pedestrian 0.0 0 1.2127987146377563 890.8035888671875 142.8607177734375 1005.7168579101562 346.446044921875 0.8461775 1.7145739 0.680418 2.966317 1.4623317 6.5195045 1.6397955417633057 0.3326103091239929
Pedestrian 0.0 0 1.7521581649780273 203.6111602783203 195.52420043945312 247.4016571044922 292.44659423828125 0.69012076 1.5511215 0.5370862 -6.514517 1.9461296 12.147345 1.259900689125061 0.31642740964889526
Car 0.0 0 1.8255685567855835 192.15672302246094 190.58721923828125 469.428466796875 375.0 4.233053 1.446548 1.6921244 -2.7115726 1.6955725 7.9416656 1.4965431690216064 0.9983705878257751
Car 0.0 0 -1.7456185817718506 664.46044921875 180.74253845214844 752.783447265625 249.1815643310547 3.7373002 1.4883157 1.5282888 2.303914 1.7066292 18.029911 -1.618524432182312 0.9934318661689758
Car 0.0 0 1.7032771110534668 466.46600341796875 180.88095092773438 540.4633178710938 237.08212280273438 3.9150364 1.4893746 1.6876652 -3.1424541 1.7524749 21.647741 1.5591208934783936 0.9903914928436279
Car 0.0 0 1.243818759918213 726.1531982421875 158.42251586914062 997.4401245117188 367.73309326171875 3.6601365 1.7936949 1.6364201 2.4128006 1.6703817 8.038359 1.5354230403900146 0.9744946956634521
Car 0.0 0 1.6313809156417847 536.608642578125 175.94163513183594 568.7349853515625 204.16860961914062 3.993089 1.5981569 1.6848154 -3.4292316 1.792431 43.301167 1.5523509979248047 0.9491034150123596
Car 0.0 0 -1.7603249549865723 704.3773193359375 185.32373046875 833.1946411132812 281.51422119140625 3.4347334 1.4160843 1.5629091 2.6098762 1.6674246 12.793494 -1.5590859651565552 0.9084060192108154
Car 0.0 0 -1.612008810043335 627.3926391601562 174.17213439941406 654.6119995117188 199.7161407470703 3.750254 1.6463833 1.6703938 2.0215287 1.7389029 48.571373 -1.5704131126403809 0.8962674736976624
Car 0.0 0 1.688251256942749 426.4935607910156 184.74334716796875 509.04180908203125 254.653076171875 3.4465687 1.447148 1.543177 -3.361054 1.7620939 17.313072 1.4965025186538696 0.8618451952934265
Car 0.0 0 1.6306252479553223 556.21630859375 173.8018798828125 578.8021240234375 193.24356079101562 3.7014897 1.5972679 1.6994721 -3.6040382 1.6806024 61.308796 1.5719077587127686 0.6719246506690979
