Car 0.0 0 1.8725249767303467 322.6175842285156 186.09829711914062 457.27899169921875 270.4526672363281 3.9571323 1.4987789 1.6293583 -4.5738993 1.818959 15.431444 1.5843729972839355 0.9979021549224854
Car 0.0 0 -1.8984196186065674 792.08154296875 184.14244079589844 1000.9468994140625 313.1150817871094 3.8051903 1.4629309 1.5819696 3.8144517 1.6566713 10.437832 -1.5480523109436035 0.9952176809310913
Car 0.0 0 1.8282487392425537 415.1059265136719 181.74961853027344 501.8767395019531 242.71505737304688 3.8074338 1.5743766 1.5630553 -4.374687 1.8593477 21.13995 1.6241897344589233 0.9937268495559692
Car 0.0 0 -1.7882078886032104 741.5280151367188 180.88323974609375 852.6781616210938 258.7753601074219 3.6419494 1.4800059 1.5888608 3.9388182 1.6781045 15.926674 -1.5457630157470703 0.9922910332679749
Car 0.0 0 -1.7594784498214722 707.9620361328125 178.5059051513672 789.8375244140625 235.74130249023438 3.9158792 1.4949089 1.6285667 3.922552 1.6766689 21.192932 -1.5764617919921875 0.9901862144470215
Car 0.0 0 1.749413013458252 455.288818359375 183.6414794921875 520.7033081054688 228.5680694580078 4.1517773 1.4477262 1.6384869 -4.4038196 1.8730654 26.336483 1.5837321281433105 0.9869351387023926
Car 0.0 0 1.700875997543335 530.36279296875 180.58851623535156 566.5185546875 207.0920867919922 3.7326999 1.4505621 1.6531094 -3.6142683 1.9269083 42.49945 1.616037368774414 0.9823058247566223
Car 0.0 0 -2.2612953186035156 924.4076538085938 186.8848419189453 1242.0 375.0 4.0856457 1.5375024 1.6362184 3.818124 1.67272 4.869395 -1.5963208675384521 0.9481776356697083
Car 0.0 0 -1.712296724319458 692.154541015625 179.29592895507812 748.8426513671875 225.2151336669922 3.7005591 1.5267506 1.5238158 3.9210863 1.7790618 26.36277 -1.564643383026123 0.9082977771759033
Car 0.0 0 -1.6688270568847656 691.4004516601562 179.08238220214844 735.4434204101562 216.15121459960938 3.4826078 1.5091273 1.5729235 4.455322 1.7987925 31.740105 -1.5293693542480469 0.9077713489532471
Car 0.0 0 -1.6915652751922607 684.7046508789062 180.19155883789062 725.2820434570312 210.8515625 3.9202938 1.449553 1.5919814 4.781358 1.846379 37.017647 -1.5631121397018433 0.7138233780860901
Car 0.0 0 1.6585701704025269 548.7390747070312 174.087646484375 579.750244140625 200.25625610351562 4.0692925 1.6299918 1.6753849 -2.9803543 1.7145482 47.18887 1.5954959392547607 0.37060096859931946
