Car 0.0 0 1.8283095359802246 410.5730285644531 185.7222900390625 483.31304931640625 232.19288635253906 4.0814734 1.4829053 1.5882113 -5.8722653 1.9881318 26.236753 1.6081202030181885 0.998077392578125
Car 0.0 0 1.857915997505188 317.3006896972656 193.17626953125 428.4848937988281 261.0033264160156 4.082518 1.4454093 1.628094 -6.0255914 2.0297234 18.669455 1.5457192659378052 0.9970058798789978
Car 0.0 0 -1.7447113990783691 682.5811157226562 175.96192932128906 768.4771118164062 233.31158447265625 4.1859746 1.4639852 1.7087144 3.1534643 1.5628628 20.757336 -1.59394371509552 0.9949682354927063
Car 0.0 0 2.20930814743042 0.0 211.69532775878906 232.3824920654297 375.0 3.8837507 1.4010748 1.5573322 -5.8905044 1.9239299 7.7529593 1.5595804452896118 0.9846994280815125
Car 0.0 0 1.9911974668502808 168.09217834472656 200.97512817382812 357.4395446777344 309.23114013671875 3.8537064 1.4666731 1.5338424 -5.9195533 2.0383546 12.718093 1.5555752515792847 0.9833979606628418
Car 0.0 0 -1.6544536352157593 669.295654296875 176.78506469726562 724.669921875 221.74009704589844 3.9640326 1.4816154 1.6463346 3.0301332 1.6353151 26.135677 -1.5390304327011108 0.9828246831893921
Car 0.0 0 2.523956298828125 952.4409790039062 140.1182403564453 1200.0328369140625 223.2068634033203 4.058223 1.5819265 1.5836499 9.287379 0.9590273 14.630921 3.0895557403564453 0.9814490675926208
Car 0.0 0 1.6985056400299072 454.71575927734375 187.06968688964844 501.9155578613281 223.26051330566406 3.7809834 1.4520181 1.6162523 -5.889226 2.1286492 32.39245 1.518661379814148 0.9053527116775513
Car 0.0 0 1.7762887477874756 486.652587890625 183.72633361816406 527.2879638671875 212.75689697265625 3.6779976 1.5348046 1.5947256 -5.9024153 2.1881018 41.443027 1.6348177194595337 0.8786009550094604
Car 0.0 0 2.568472385406494 914.294189453125 142.67164611816406 1096.101806640625 210.41754150390625 3.5554216 1.5342779 1.5217264 9.313787 0.8510799 17.234823 3.0639193058013916 0.8784464001655579
Car 0.0 0 -1.6754205226898193 656.111328125 176.64309692382812 695.9180908203125 210.28013610839844 3.6707006 1.570186 1.5895264 3.2005496 1.7690122 35.942787 -1.586609125137329 0.8056148290634155
Car 0.0 0 2.6269493103027344 865.635498046875 158.9965362548828 1031.4718017578125 218.00570678710938 3.8166268 1.5311363 1.5629934 9.102779 1.1719286 19.652412 3.0607168674468994 0.65604168176651
Car 0.0 0 -1.6159632205963135 738.7106323242188 172.54278564453125 830.4277954101562 261.5673522949219 3.7065125 1.5847545 1.6071587 3.4161184 1.5795723 14.809458 -1.3892571926116943 0.6129604578018188
