Car 0.0 0 -1.9974396228790283 772.6748657226562 184.27264404296875 1127.35400390625 375.0 3.7136402 1.469624 1.6647943 2.8955555 1.6140326 7.2076263 -1.615438461303711 0.99718177318573
Car 0.0 0 -1.7231673002243042 626.0989379882812 177.98223876953125 660.8028564453125 204.37881469726562 3.5303533 1.5489365 1.632981 2.0089784 1.8814971 44.895348 -1.6784491539001465 0.9855107069015503
Car 0.0 0 -2.1982672214508057 716.4840087890625 177.6999969482422 791.560546875 212.3104705810547 3.5634768 1.4428587 1.5094174 6.390607 1.6748534 32.55257 -2.004415988922119 0.9836544394493103
Car 0.0 0 -2.730315685272217 173.00146484375 183.37435913085938 430.3902587890625 269.1429138183594 4.3544908 1.5584296 1.6512257 -5.9650393 1.7778863 14.170616 -3.1287460327148438 0.8465797305107117
Car 0.0 0 -2.554642677307129 52.361083984375 177.73748779296875 337.74945068359375 280.1309509277344 3.7102523 1.5059968 1.6448008 -6.6182113 1.5916647 11.6510725 -3.0712265968322754 0.8394445776939392
Car 0.0 0 0.33633336424827576 292.81439208984375 187.12062072753906 467.351318359375 243.36834716796875 4.108836 1.3874941 1.5686699 -6.0380783 1.781664 19.069422 0.02968430519104004 0.8202219009399414
Car 0.0 0 -2.4250924587249756 0.0 167.8231658935547 263.467041015625 302.49273681640625 3.779646 1.5270529 1.6006724 -6.6994777 1.4703647 9.134462 -3.057903289794922 0.6622625589370728
Car 0.0 0 2.116672992706299 0.0 162.4732666015625 340.61895751953125 375.0 3.543312 1.7044634 1.570279 -4.0415444 1.6329433 6.7709894 1.5785424709320068 0.6442158222198486
Car 0.0 0 -0.1052192747592926 444.54052734375 174.85009765625 522.5555419921875 204.20230102539062 4.120545 1.5709338 1.7466801 -7.0980473 1.6864465 40.214195 -0.2799258232116699 0.5045100450515747
Car 0.0 0 -2.5274245738983154 239.3683319091797 181.80892944335938 420.20855712890625 249.56109619140625 3.6689308 1.4319104 1.6050446 -6.5289526 1.6558353 16.790169 -2.898287057876587 0.42875486612319946
Car 0.0 0 -2.8659377098083496 394.58447265625 162.5326690673828 506.01336669921875 215.32887268066406 3.9542015 2.0002146 1.7005484 -6.2496495 1.6095427 28.297129 -3.083306312561035 0.35204988718032837
