Car 0.0 0 -1.7355406284332275 683.63720703125 180.9285125732422 771.75634765625 245.64295959472656 3.6947591 1.4486575 1.6115814 2.8522944 1.6765031 18.46897 -1.5823140144348145 0.991978645324707
Car 0.0 0 0.3750351369380951 230.31251525878906 179.93060302734375 449.1208190917969 249.26165771484375 4.3086505 1.4561675 1.5890049 -5.9906387 1.623261 16.160267 0.020038127899169922 0.9898040294647217
Car 0.0 0 -2.1322689056396484 837.019775390625 189.20079040527344 1242.0 375.0 3.8528345 1.4557719 1.6091263 2.8132153 1.6037279 4.5774693 -1.581198811531067 0.9671642184257507
Car 0.0 0 0.46673253178596497 161.2612762451172 180.83480834960938 397.98681640625 265.6517028808594 3.8173382 1.5069968 1.6310049 -6.286952 1.6707883 13.879309 0.04140901565551758 0.9616155624389648
Car 0.0 0 -1.6486836671829224 635.2034912109375 176.83021545410156 661.9537963867188 199.0611114501953 4.040579 1.520769 1.6130995 2.7221403 1.8196417 52.12639 -1.5965090990066528 0.9559831619262695
Car 0.0 0 -2.685184955596924 310.58880615234375 175.7497100830078 476.52716064453125 228.53768920898438 4.3483396 1.44106 1.6355947 -6.2915297 1.530324 20.986322 -2.9764509201049805 0.9324386715888977
Car 0.0 0 -3.2834219932556152 684.1771850585938 177.59291076660156 768.7726440429688 208.33790588378906 4.0441184 1.513782 1.6717428 5.8297906 1.7606254 36.6588 -3.1257143020629883 0.9062329530715942
Car 0.0 0 -2.528726100921631 0.0 186.39134216308594 302.3213806152344 283.5183410644531 3.8668118 1.3553783 1.5715235 -7.0888276 1.5821774 11.188673 -3.093465805053711 0.8378532528877258
Car 0.0 0 -2.965233087539673 490.8887939453125 174.81602478027344 550.6203002929688 200.20687866210938 3.596791 1.6025361 1.6428007 -5.7649064 1.7320921 46.594433 -3.0883326530456543 0.8179953694343567
Car 0.0 0 -3.356492280960083 738.1585083007812 171.13035583496094 864.1790161132812 219.0173797607422 3.697811 1.5053184 1.7313296 6.1303954 1.4514939 23.615877 -3.1025102138519287 0.7866990566253662
Car 0.0 0 -2.672311305999756 374.1048889160156 176.1094970703125 494.9237365722656 220.78012084960938 3.9168918 1.5252361 1.6556599 -6.3547544 1.6488789 26.068888 -2.9114158153533936 0.7840909957885742
Car 0.0 0 -2.6410932540893555 277.759521484375 173.2886962890625 449.4428405761719 236.2324981689453 3.9268978 1.5276029 1.5647959 -6.3594904 1.5398529 18.629833 -2.970050811767578 0.7772084474563599
Car 0.0 0 0.20262454450130463 440.7001647949219 174.25328063964844 518.245361328125 209.24996948242188 3.4844701 1.6706058 1.6301311 -6.3948193 1.7412139 35.365322 0.023735761642456055 0.6661434173583984
Car 0.0 0 0.2652740180492401 348.8066711425781 175.3539276123047 462.31402587890625 225.38746643066406 3.2218072 1.5558685 1.6208642 -6.5955577 1.6399806 23.34382 -0.010088258422911167 0.6078973412513733
Car 0.0 0 0.1447555273771286 421.96087646484375 177.4186248779297 515.56396484375 211.7133331298828 3.9567719 1.4941549 1.609835 -6.357908 1.7062732 32.571545 -0.04801870882511139 0.4722391963005066
Car 0.0 0 -2.2894530296325684 0.0 159.35646057128906 234.18603515625 325.6911926269531 3.7197893 1.7115859 1.6852896 -6.767397 1.5730541 8.592263 -2.956596612930298 0.4067404568195343
