Car 0.0 0 -1.7420921325683594 668.0266723632812 176.48695373535156 742.9655151367188 227.79269409179688 3.8710306 1.3926144 1.5860962 2.7447472 1.5128266 21.831366 -1.6170234680175781 0.9977954626083374
Car 0.0 0 -1.845292329788208 750.2723999023438 177.85049438476562 957.9326171875 325.585205078125 3.6491885 1.5579706 1.5868448 2.9203398 1.6373839 9.572264 -1.5491783618927002 0.9897965788841248
Car 0.0 0 0.2313723862171173 368.1441345214844 171.82760620117188 489.7159423828125 220.3192138671875 3.8156517 1.6255422 1.6482903 -6.256081 1.5914929 25.034575 -0.013509923592209816 0.9844979643821716
Car 0.0 0 -1.6330896615982056 653.8211059570312 172.85452270507812 694.55712890625 209.5917510986328 3.8435922 1.5637056 1.586914 2.8101013 1.5640883 32.649227 -1.5472317934036255 0.9808856844902039
Car 0.0 0 -2.6835663318634033 293.2977600097656 175.7745819091797 463.3965148925781 233.6804656982422 4.2765408 1.5308005 1.6386461 -6.5107503 1.6179366 20.310663 -2.9937756061553955 0.9791550040245056
Car 0.0 0 -2.6415975093841553 101.31708526611328 173.50473022460938 396.0272216796875 272.6544494628906 4.308631 1.5935998 1.6714188 -6.177204 1.6060969 12.531922 -3.0995631217956543 0.9684104919433594
Car 0.0 0 -2.7569124698638916 411.8175964355469 175.71974182128906 513.1514892578125 213.79122924804688 3.8370664 1.5284189 1.6300051 -6.202214 1.6536477 30.287247 -2.958899736404419 0.8971211910247803
Car 0.0 0 -2.4253573417663574 7.4989013671875 189.1632843017578 341.7405700683594 309.30096435546875 3.8672886 1.4395031 1.6899523 -6.0570073 1.6955168 10.134521 -2.964055299758911 0.7731388807296753
Car 0.0 0 -2.2333290576934814 856.6212158203125 196.1364288330078 1242.0 375.0 3.869787 1.4618696 1.5716223 2.813608 1.6532828 3.9508147 -1.614489197731018 0.6415080428123474
Car 0.0 0 0.2612205147743225 429.3341064453125 173.42323303222656 520.4596557617188 209.6776885986328 3.7850122 1.6000648 1.6235371 -6.1445932 1.627074 32.825188 0.07617068290710449 0.5187101364135742
