Car 0.0 0 -1.7152847051620483 665.0693969726562 178.77125549316406 731.41748046875 227.8478240966797 3.9901037 1.4504108 1.5936923 2.77815 1.6627167 23.824846 -1.5992016792297363 0.9932684302330017
Car 0.0 0 -2.0268404483795166 805.2642211914062 196.933837890625 1231.8040771484375 375.0 3.5702982 1.336441 1.5858821 2.9142582 1.6027296 6.169074 -1.585517168045044 0.9909776449203491
Car 0.0 0 -1.829628586769104 724.1820678710938 180.34774780273438 892.6128540039062 292.0682678222656 3.7535162 1.4737577 1.6470677 2.9349065 1.6147858 11.655113 -1.5829445123672485 0.9868056774139404
Car 0.0 0 -1.5999751091003418 652.30859375 174.39535522460938 689.0985107421875 208.59429931640625 4.062795 1.5376633 1.632227 2.8278706 1.6165724 34.697136 -1.5186532735824585 0.9855760335922241
Car 0.0 0 0.32667556405067444 325.5325927734375 177.1182861328125 477.06805419921875 228.68370056152344 4.208209 1.5171345 1.5761664 -6.4121537 1.6542721 22.256638 0.046170949935913086 0.9789853096008301
Car 0.0 0 3.8063201904296875 0.0 167.59365844726562 276.806640625 351.7618103027344 4.2685833 1.7040306 1.6624192 -6.0534344 1.6557167 7.53082 3.129253387451172 0.9662730693817139
Car 0.0 0 0.17407742142677307 390.0087890625 171.0207977294922 503.226806640625 219.45314025878906 3.9105332 1.7558641 1.7163317 -6.1071405 1.6897615 27.105953 -0.04752849042415619 0.9617936015129089
Car 0.0 0 -2.679678440093994 172.31491088867188 170.40440368652344 408.6651611328125 262.3702697753906 4.034509 1.7386134 1.7073193 -6.3892894 1.6926619 14.589631 -3.0924527645111084 0.9463305473327637
Car 0.0 0 -2.4390296936035156 96.56535339355469 185.1837158203125 381.736328125 286.7738037109375 4.1180425 1.472992 1.7091683 -6.1875854 1.7019317 12.074242 -2.9125969409942627 0.9139496088027954
Car 0.0 0 -2.711798667907715 425.473388671875 177.46926879882812 522.716064453125 212.0331268310547 4.0022483 1.4806842 1.6005745 -6.14246 1.6970032 32.501606 -2.898585081100464 0.41924944519996643
Car 0.0 0 -2.3858416080474854 0.0 166.6663055419922 319.9041442871094 301.4429626464844 3.916864 1.6261717 1.7201527 -6.3179193 1.5518707 9.914759 -2.9531826972961426 0.3971822261810303
Car 0.0 0 -2.8536527156829834 433.6871337890625 173.79502868652344 519.3877563476562 208.5650634765625 3.7890663 1.6393412 1.640173 -6.4920053 1.6867831 35.085354 -3.0366179943084717 0.3783474266529083
