Car 0.0 0 -1.7419614791870117 689.8192138671875 178.06309509277344 810.379150390625 262.2677001953125 4.3171263 1.4564657 1.6731583 2.6637926 1.5800912 14.908408 -1.5651501417160034 0.9869424104690552
Car 0.0 0 -2.901689291000366 409.4506530761719 169.05868530273438 511.0096130371094 210.2777099609375 3.7007647 1.6010045 1.643409 -5.990422 1.4539473 28.909811 -3.106008529663086 0.9685069918632507
Car 0.0 0 0.3286275565624237 386.1396179199219 172.6383819580078 492.2581787109375 215.6285400390625 3.4252641 1.515465 1.6800461 -6.252254 1.5082219 26.433409 0.09636759757995605 0.9057945013046265
Car 0.0 0 -2.3871726989746094 0.0 176.43870544433594 248.55210876464844 363.3145446777344 4.35365 1.5652246 1.6803917 -6.144784 1.6048405 6.9874263 -3.108492612838745 0.9055992960929871
Car 0.0 0 -3.4013307094573975 764.4169311523438 170.65916442871094 933.5233154296875 229.5360870361328 4.1205645 1.5506188 1.8075144 6.4623785 1.4931724 20.011003 -3.0889620780944824 0.8907371759414673
Car 0.0 0 0.33908993005752563 218.95916748046875 174.74368286132812 452.2434387207031 243.08447265625 4.6143117 1.4475394 1.6303614 -6.068202 1.492553 16.18799 -0.019556483253836632 0.8817650079727173
Car 0.0 0 -2.544945240020752 441.51953125 171.8373565673828 528.2630004882812 206.39230346679688 3.7478848 1.5394899 1.5705012 -5.8741417 1.4945543 33.62944 -2.7178730964660645 0.7288934588432312
Car 0.0 0 -2.5004045963287354 26.986196517944336 165.40086364746094 346.1805114746094 272.89788818359375 4.312845 1.5683857 1.6174554 -6.7240124 1.4600018 11.575208 -3.0266599655151367 0.5286619067192078
Car 0.0 0 -2.9443368911743164 458.305908203125 166.51007080078125 530.7346801757812 195.91380310058594 3.5763924 1.5373422 1.638367 -6.178423 1.2060151 38.609615 -3.1030144691467285 0.4930754601955414
Car 0.0 0 -2.3497610092163086 0.0 157.708251953125 247.4381866455078 291.69354248046875 3.5362842 1.5555196 1.6577257 -6.962051 1.3800408 9.470659 -2.9836692810058594 0.39659470319747925
Car 0.0 0 -1.5626615285873413 634.6397705078125 172.31063842773438 655.0679321289062 190.51914978027344 3.6610684 1.4208118 1.5934118 2.7985792 1.3787706 58.171345 -1.5145893096923828 0.394307404756546
Car 0.0 0 0.4034391939640045 307.4897766113281 156.70668029785156 475.35040283203125 231.64456176757812 3.8407702 1.8384669 1.6196213 -5.649685 1.4426795 18.715103 0.110260009765625 0.3539348244667053
Car 0.0 0 -0.11688397824764252 679.81005859375 166.3483428955078 751.2830810546875 192.57664489746094 4.1171575 1.557502 1.6676127 6.3204327 1.1715378 43.732338 0.026647567749023438 0.34209877252578735
