Car 0.0 0 2.0141122341156006 42.21842956542969 193.39984130859375 371.46636962890625 366.8453063964844 3.9354703 1.4406328 1.6238012 -4.142038 1.5571694 8.143815 1.543599247932434 0.9888373613357544
Car 0.0 0 1.8280017375946045 396.93963623046875 182.20375061035156 486.26116943359375 239.39060974121094 3.245596 1.4002687 1.5509695 -4.394875 1.32765 19.245293 1.6034904718399048 0.9864435195922852
Car 0.0 0 -1.5650750398635864 576.6265258789062 179.03155517578125 609.1017456054688 207.1872100830078 3.5548484 1.4521252 1.6751785 -0.8265345 1.1343105 38.861385 -1.5863406658172607 0.9648060202598572
Car 0.0 0 1.6768666505813599 457.577392578125 181.18333435058594 506.80804443359375 217.07826232910156 3.8287537 1.371745 1.5887568 -5.1109405 1.2187772 29.430212 1.5049184560775757 0.9532482028007507
Car 0.0 0 1.6599746942520142 497.9045715332031 180.4501495361328 533.067626953125 208.36557006835938 3.3141942 1.4365684 1.5895102 -4.9531755 1.1924574 38.67582 1.5325989723205566 0.9427831172943115
Car 0.0 0 1.8388242721557617 345.90142822265625 181.76705932617188 411.7860412597656 221.61154174804688 3.3944817 1.4285094 1.5569719 -8.715984 1.3059996 27.49499 1.531842589378357 0.8860194683074951
Car 0.0 0 -1.2075893878936768 392.3581848144531 166.9106903076172 426.9609375 187.090087890625 3.7641249 1.6330814 1.5556247 -16.537683 0.15282314 60.119102 -1.47603178024292 0.5393537282943726
Car 0.0 0 2.0036487579345703 198.95301818847656 177.4151153564453 299.73602294921875 227.8458709716797 3.9123428 1.6067991 1.6243849 -12.307105 1.3593924 24.877089 1.5442367792129517 0.466484934091568
Car 0.0 0 2.351653814315796 0.0 191.5570526123047 92.50238800048828 350.5587158203125 3.7292726 1.4929488 1.4672267 -8.43142 1.5880324 8.77111 1.585999608039856 0.4072170555591583
Car 0.0 0 2.322781562805176 0.0 187.75440979003906 112.1075668334961 264.3272399902344 3.917409 1.3927463 1.5680957 -12.739599 1.4546367 15.202162 1.6252882480621338 0.35571590065956116
Car 0.0 0 1.9961268901824951 334.2152404785156 178.25601196289062 395.95703125 208.52438354492188 3.9256268 1.4907442 1.5654854 -12.58769 1.1491046 37.432205 1.671726942062378 0.32989832758903503
