Cyclist 0.0 0 1.6777253150939941 518.3067626953125 174.14202880859375 536.5057373046875 218.0016326904297 1.6791571 1.6666077 0.5360702 -3.2724102 1.7190025 28.305918 1.5626275539398193 0.5953484177589417
Car 0.0 0 -2.4397199153900146 0.0 179.90994262695312 261.03912353515625 335.953125 4.157307 1.5818739 1.7339296 -6.5775557 1.6729035 8.332893 -3.1079320907592773 0.9950822591781616
Car 0.0 0 -1.671929955482483 633.6753540039062 179.92068481445312 676.1749267578125 213.3061981201172 3.9224517 1.4759988 1.6419687 2.067527 1.8360996 34.73474 -1.6124768257141113 0.993893027305603
Car 0.0 0 0.40056028962135315 179.8606414794922 181.05633544921875 395.18212890625 262.2507019042969 3.8287847 1.6043606 1.6329921 -6.7509522 1.7879798 15.271869 -0.015664000064134598 0.9926032423973083
Car 0.0 0 -0.4297603368759155 776.8814086914062 178.09434509277344 968.633056640625 246.29664611816406 3.849041 1.4592575 1.4843543 5.8772645 1.5859249 16.481672 -0.08722328394651413 0.9902001023292542
Car 0.0 0 -0.6578759551048279 948.7676391601562 176.3398895263672 1242.0 321.160888671875 3.699482 1.5489128 1.5849111 6.207117 1.5949976 8.608829 -0.0331830196082592 0.9824389219284058
Car 0.0 0 -3.621391773223877 868.6627197265625 178.55767822265625 1182.1339111328125 284.2726745605469 4.0026283 1.5248402 1.5689236 6.2913346 1.621434 11.333336 -3.1146280765533447 0.9777454137802124
Car 0.0 0 -3.5391087532043457 848.2268676757812 179.28167724609375 1084.17724609375 259.3556213378906 3.7753634 1.429259 1.508686 6.653677 1.560664 13.86011 -3.0915403366088867 0.9745668172836304
Car 0.0 0 -3.391213893890381 735.1075439453125 178.97401428222656 910.250732421875 241.36793518066406 4.1814513 1.5668277 1.6585373 5.4985743 1.7374619 19.18181 -3.112044095993042 0.9721240401268005
Car 0.0 0 0.3239700496196747 230.0059356689453 173.37664794921875 416.8025817871094 249.57920837402344 3.9509642 1.7751507 1.6443732 -6.977022 1.7890278 17.739567 -0.05074962228536606 0.9564815163612366
Car 0.0 0 0.5208898782730103 0.0 184.0338592529297 302.0946350097656 299.8648986816406 3.6701741 1.5542039 1.5130013 -6.7671227 1.7329966 10.676753 -0.04402565583586693 0.9431055784225464
Car 0.0 0 0.17074814438819885 393.93701171875 178.8375701904297 494.6999206542969 219.21194458007812 3.7324219 1.5593961 1.6282761 -6.6495967 1.8082699 29.050653 -0.054272063076496124 0.8940314054489136
Car 0.0 0 2.8558945655822754 730.5108642578125 173.0686492919922 890.0861206054688 233.26919555664062 4.2737393 1.7185072 1.69028 5.8311567 1.7255236 21.490145 3.1208558082580566 0.8939008712768555
Car 0.0 0 0.5233595371246338 418.7543640136719 176.87594604492188 507.07611083984375 218.35736083984375 3.4915545 1.7401805 1.5866529 -6.515837 1.9252119 31.82346 0.32140135765075684 0.3816571831703186
