Car 0.0 0 2.0057785511016846 148.60354614257812 197.872314453125 350.6745300292969 306.2773132324219 3.8230855 1.4436128 1.6142187 -5.9854717 1.941252 12.416208 1.5565781593322754 0.9969103932380676
Car 0.0 0 1.8074599504470825 440.98040771484375 184.3053436279297 499.4390563964844 223.74575805664062 3.933522 1.5101295 1.568882 -5.928152 2.0309048 30.787174 1.6172354221343994 0.9964325428009033
Car 0.0 0 1.8279517889022827 376.5334777832031 185.7108154296875 460.1082458496094 240.29656982421875 4.0977345 1.5379728 1.6163863 -6.12839 1.9908037 23.341326 1.571191668510437 0.9889019727706909
Car 0.0 0 1.8943248987197876 295.98114013671875 194.16493225097656 418.3683776855469 267.8391418457031 3.9128416 1.4473656 1.5863619 -5.935127 2.015833 17.269764 1.5632989406585693 0.9856997132301331
Car 0.0 0 2.2541894912719727 0.0 206.1996612548828 207.9109649658203 375.0 3.709029 1.5103441 1.5559806 -5.7624083 1.9203435 7.002634 1.5656453371047974 0.9832025170326233
Car 0.0 0 -1.682073950767517 671.6719970703125 176.5082550048828 732.0493774414062 222.1146697998047 4.0104218 1.4533714 1.6460673 3.0962036 1.5922124 25.327318 -1.5604299306869507 0.9818863868713379
Car 0.0 0 -0.4952904284000397 865.7849731445312 142.73492431640625 1054.1077880859375 212.1166229248047 4.2303996 1.7569156 1.6646461 9.172754 0.99458444 19.204737 -0.04969863221049309 0.9773667454719543
Car 0.0 0 2.61759614944458 808.5817260742188 161.472900390625 943.1328125 206.68447875976562 4.003384 1.4464102 1.5333284 8.828017 1.0826635 24.182272 2.967625379562378 0.8974854350090027
Car 0.0 0 -1.6498318910598755 659.7779541015625 176.35333251953125 704.8627319335938 215.67320251464844 3.7551444 1.5560621 1.6084675 2.9852238 1.7148834 30.779848 -1.5531480312347412 0.8768754601478577
Car 0.0 0 1.7338252067565918 470.64300537109375 187.048095703125 513.812255859375 218.2064666748047 3.745031 1.432338 1.5837733 -5.9799066 2.1925046 36.747204 1.5725083351135254 0.7923027276992798
Car 0.0 0 2.6530308723449707 846.1603393554688 149.3549041748047 986.224609375 201.4634246826172 3.5711706 1.5062233 1.5856287 9.147475 0.827328 21.806093 3.0502266883850098 0.5375207662582397
Car 0.0 0 -1.8930089473724365 757.56884765625 156.19839477539062 818.28076171875 193.09954833984375 4.0267315 1.6370187 1.5769976 8.283487 0.8984963 34.07858 -1.6545629501342773 0.5076653957366943
Car 0.0 0 -1.5974249839782715 708.4715576171875 172.24449157714844 775.8678588867188 236.5200958251953 4.0370927 1.5670066 1.6279877 3.4884844 1.5525053 19.704788 -1.4222031831741333 0.36430639028549194
