Pedestrian 0.0 0 0.5171017050743103 665.2951049804688 157.17129516601562 730.3093872070312 293.1918029785156 0.6440191 1.7595816 0.6375194 1.263931 1.4461935 9.738262 0.6461703777313232 0.8505798578262329
Pedestrian 0.0 0 -1.0067448616027832 462.1712951660156 166.10952758789062 516.5794067382812 259.6048889160156 1.0122207 1.7754971 0.62201285 -2.2458723 1.4844865 14.2266445 -1.1633166074752808 0.8126893639564514
Pedestrian 0.0 0 0.6451006531715393 603.50439453125 165.47457885742188 676.6717529296875 306.0426940917969 0.72917604 1.757332 0.6311475 0.46330446 1.5583247 9.453531 0.6940701007843018 0.7539535164833069
Pedestrian 0.0 0 2.043954849243164 716.5714111328125 163.23826599121094 757.54638671875 226.10809326171875 0.9015399 1.624054 0.7448712 3.585551 1.1534911 19.137844 2.2291617393493652 0.5803343057632446
Pedestrian 0.0 0 -1.168049693107605 649.7937622070312 156.45115661621094 680.2858276367188 217.19393920898438 0.7833857 1.7441189 0.6382064 1.8453285 1.0260264 21.118847 -1.08089280128479 0.48445284366607666
Pedestrian 0.0 0 -1.211186170578003 702.7390747070312 158.74072265625 733.4437866210938 219.5686798095703 0.76062006 1.7654188 0.6773034 3.441429 1.1060083 21.34398 -1.0513254404067993 0.44200101494789124
Cyclist 0.0 0 1.9632076025009155 324.4779052734375 167.79684448242188 429.2339782714844 324.44927978515625 1.701736 1.7169472 0.6141868 -2.722321 1.5681133 8.745676 1.66143798828125 0.9600882530212402
Cyclist 0.0 0 1.4592998027801514 656.9739379882812 167.49400329589844 690.0505981445312 247.37620544433594 1.6669745 1.707322 0.55196625 1.5692533 1.4092005 16.18785 1.5559380054473877 0.8609206080436707
Cyclist 0.0 0 1.7423001527786255 459.1549987792969 161.50418090820312 493.9153747558594 236.80029296875 1.6112691 1.839547 0.61251014 -3.2050982 1.352224 18.352968 1.5694072246551514 0.5145215392112732
Cyclist 0.0 0 -1.0055303573608398 463.8013000488281 163.7193603515625 520.0604248046875 259.7619323730469 1.0587313 1.8246671 0.6382622 -2.1988647 1.4881188 14.257572 -1.1585490703582764 0.3420930504798889
Car 0.0 0 1.7036231756210327 492.8389892578125 173.6765899658203 528.9536743164062 200.55230712890625 4.0669184 1.5460231 1.6399872 -5.411107 1.0967697 43.36005 1.5794702768325806 0.7888630628585815
