Car 0.0 0 -1.8796535730361938 713.7454833984375 185.54566955566406 908.93798828125 311.33905029296875 3.8745377 1.4621772 1.6192507 2.6980388 1.6869221 10.769284 -1.6341753005981445 0.9969121217727661
Car 0.0 0 -1.7157527208328247 664.2753295898438 179.9771728515625 738.7561645507812 236.60289001464844 3.9739394 1.4919978 1.6196955 2.581744 1.7246526 21.520592 -1.5963571071624756 0.9967689514160156
Car 0.0 0 -1.674515962600708 653.4398803710938 180.90843200683594 707.4010009765625 227.43653869628906 3.9857488 1.6033883 1.6290286 2.5724869 1.9337254 27.556253 -1.5814317464828491 0.9773567318916321
Car 0.0 0 3.401500940322876 319.7032775878906 180.68988037109375 475.8614501953125 236.93017578125 4.224627 1.6059026 1.6776192 -6.3445415 1.8520184 21.73752 3.117518901824951 0.9745937585830688
Car 0.0 0 -2.7109923362731934 167.34378051757812 169.51048278808594 405.8080749511719 271.0496826171875 3.8890398 1.8524044 1.6706024 -6.204686 1.7917657 14.022941 -3.127563953399658 0.9662797451019287
Car 0.0 0 -2.4695703983306885 0.0 187.79510498046875 301.0279235839844 327.30816650390625 4.299737 1.5562649 1.5723882 -6.4480157 1.7650087 9.150768 -3.083405017852783 0.9615374803543091
Car 0.0 0 -1.6320992708206177 644.05126953125 177.04513549804688 680.912841796875 210.7919464111328 4.0516458 1.6105188 1.6267611 2.6000354 1.837443 36.969555 -1.5618858337402344 0.9601793885231018
Car 0.0 0 -2.970079183578491 483.9500732421875 179.9914093017578 548.0931396484375 202.98541259765625 3.996872 1.4797822 1.691911 -6.2408905 1.9635577 47.937992 -3.0995378494262695 0.8896583318710327
Car 0.0 0 -1.637935757637024 629.379150390625 176.55572509765625 658.22216796875 202.11476135253906 4.2181406 1.7032918 1.7423159 2.310487 1.9753284 50.825348 -1.5925077199935913 0.7532881498336792
Car 0.0 0 -2.759335994720459 229.65338134765625 186.01531982421875 426.90460205078125 260.7318115234375 3.8400607 1.5708743 1.5408546 -6.2906713 1.8820461 16.24204 -3.1288533210754395 0.6479830145835876
Car 0.0 0 0.3128441870212555 284.58160400390625 188.86383056640625 449.6705322265625 248.07752990722656 3.8095536 1.4516295 1.5468861 -6.322616 1.8891324 18.906445 -0.009880379773676395 0.6346925497055054
Car 0.0 0 0.09268805384635925 410.5542297363281 179.09881591796875 504.8825988769531 219.0230255126953 3.8238933 1.6378428 1.7056834 -6.513678 1.9157165 30.996405 -0.11444111168384552 0.5068629384040833
Car 0.0 0 -2.8914356231689453 471.9818420410156 178.99046325683594 539.7398681640625 203.9179229736328 3.9522738 1.5242615 1.6882404 -6.596441 1.9221036 45.684517 -3.0348358154296875 0.4499778151512146
