Car 0.0 0 -1.7354071140289307 677.3561401367188 181.47097778320312 760.3582153320312 242.173828125 3.8014443 1.4319319 1.5851449 2.7832031 1.6878783 19.480568 -1.5934966802597046 0.9971103072166443
Car 0.0 0 -2.0574393272399902 813.8870849609375 182.11280822753906 1242.0 375.0 3.5554118 1.4836292 1.61159 2.8420694 1.5781763 5.5491204 -1.584106683731079 0.9965937733650208
Car 0.0 0 -2.729526996612549 256.54071044921875 177.0330352783203 461.6699523925781 241.66090393066406 4.320023 1.4329193 1.5662552 -5.899348 1.5376728 17.069984 -3.062274694442749 0.9619142413139343
Car 0.0 0 -2.6894333362579346 192.28759765625 177.465576171875 429.2639465332031 254.88552856445312 4.213727 1.4854493 1.7072304 -6.1305213 1.5876197 14.942811 -3.0787580013275146 0.9591915607452393
Car 0.0 0 0.17176415026187897 428.6565856933594 178.9706573486328 513.8450927734375 212.9113311767578 3.689112 1.5331888 1.6299976 -6.478665 1.826819 33.74453 -0.017919262871146202 0.9484111070632935
Car 0.0 0 -2.743710994720459 328.33984375 169.72105407714844 483.2154846191406 223.58004760742188 4.2562947 1.5619446 1.5871423 -6.208878 1.471445 21.969881 -3.019137144088745 0.8869776725769043
Car 0.0 0 3.2609381675720215 446.3476867675781 177.83233642578125 518.6773071289062 210.56752014160156 3.4124796 1.5921558 1.6256398 -6.401713 1.8490502 36.272526 3.0862479209899902 0.833670437335968
Car 0.0 0 -1.6901477575302124 632.6202392578125 177.1782989501953 660.8121948242188 199.72097778320312 4.0137105 1.5689877 1.59717 2.634891 1.899714 53.063885 -1.640533447265625 0.8316563963890076
Car 0.0 0 -2.4490299224853516 72.83619689941406 181.52008056640625 339.1067810058594 272.72259521484375 3.7996354 1.3802373 1.6159624 -6.8451676 1.5417777 12.275553 -2.957709312438965 0.7945451140403748
Car 0.0 0 0.5348260402679443 297.64019775390625 176.78549194335938 455.5692443847656 232.18423461914062 3.8212545 1.4007219 1.5533189 -6.3470187 1.5142256 19.5853 0.2214350700378418 0.712922215461731
Car 0.0 0 -2.741581678390503 383.52056884765625 180.9241180419922 497.97650146484375 222.42733764648438 3.8289793 1.4625491 1.6562523 -6.3396506 1.7777289 27.005905 -2.9721572399139404 0.7012330889701843
Car 0.0 0 -3.3794405460357666 727.560302734375 173.40182495117188 860.0145874023438 219.52008056640625 4.048776 1.507068 1.7801245 6.113677 1.5267167 24.500965 -3.134906053543091 0.6457201838493347
Car 0.0 0 0.5822983980178833 0.0 147.4315643310547 257.7364501953125 301.6809387207031 3.8230052 1.8039062 1.7411747 -6.9863057 1.5069551 9.412099 -0.05623628944158554 0.6370550394058228
Car 0.0 0 0.014489471912384033 493.6551208496094 175.89739990234375 548.2645263671875 200.57797241210938 3.5072308 1.5818642 1.6401339 -5.873926 1.786808 47.496227 -0.10855717211961746 0.5934634208679199
Car 0.0 0 -2.7815535068511963 452.6332092285156 180.14695739746094 540.8551025390625 209.76914978027344 4.416848 1.5190592 1.5782309 -6.109916 1.9241428 38.81926 -2.937666654586792 0.3498540222644806
Car 0.0 0 -2.8687357902526855 397.5971374511719 180.36257934570312 510.8370361328125 218.97097778320312 4.159548 1.4838798 1.6922938 -6.2641783 1.7969551 29.07717 -3.080925703048706 0.33970797061920166
Car 0.0 0 1.6524378061294556 537.3660888671875 173.19561767578125 559.1793212890625 192.45448303222656 3.8091404 1.6046461 1.5668672 -5.3051653 1.6353041 62.090706 1.5672026872634888 0.3303510844707489
Car 0.0 0 -2.746671438217163 363.0315246582031 176.656982421875 473.96337890625 223.27554321289062 3.284412 1.506272 1.5771111 -6.4990683 1.640942 24.47719 -3.0061986446380615 0.3077244460582733
Car 0.0 0 0.711609423160553 0.0 207.14163208007812 268.8094787597656 375.0 4.393969 1.4662695 1.6525347 -6.0681763 1.8520012 7.248631 0.01462411880493164 0.30034422874450684
