Car 0.0 0 1.8979227542877197 297.8225402832031 184.0214385986328 442.7419738769531 277.4331970214844 3.7082596 1.5517051 1.5952667 -4.6162357 1.8022273 14.294848 1.5855642557144165 0.9978923201560974
Car 0.0 0 1.7658759355545044 446.49420166015625 183.74147033691406 517.955810546875 230.46165466308594 4.182384 1.4333836 1.6755885 -4.4095616 1.8462547 25.226305 1.5928242206573486 0.9943422079086304
Car 0.0 0 -1.7664544582366943 710.5899658203125 178.55374145507812 798.05908203125 239.28286743164062 3.9928095 1.4799125 1.5953866 3.8241746 1.6537561 19.95757 -1.5771340131759644 0.9942865967750549
Car 0.0 0 -1.7921842336654663 746.5513305664062 181.84190368652344 867.6717529296875 265.3911437988281 3.6907642 1.4560817 1.5882033 3.8482642 1.6646802 14.844477 -1.5385292768478394 0.994017481803894
Car 0.0 0 -1.9356003999710083 808.1015014648438 187.551025390625 1058.136474609375 337.2724304199219 3.8048086 1.4667063 1.6056575 3.8068638 1.6968974 9.361551 -1.5493754148483276 0.9936322569847107
Car 0.0 0 1.8339914083480835 401.5212707519531 181.84385681152344 492.9883728027344 247.7335968017578 3.71201 1.6041577 1.5491909 -4.436762 1.8768678 19.967909 1.6153488159179688 0.9908729791641235
Car 0.0 0 1.6988884210586548 526.6569213867188 179.01644897460938 563.68017578125 207.510986328125 3.7540023 1.5295764 1.6542807 -3.712904 1.9003657 41.46194 1.609576940536499 0.9908384680747986
Car 0.0 0 -1.7428228855133057 693.8773803710938 180.27554321289062 759.8641357421875 228.02413940429688 3.8301904 1.4984988 1.6206763 3.945755 1.7775998 25.16897 -1.587317943572998 0.9255926012992859
Car 0.0 0 -1.6913350820541382 685.1182250976562 180.81130981445312 724.9025268554688 211.1203155517578 3.9651382 1.3930504 1.5009626 4.673581 1.8145113 36.19279 -1.562915563583374 0.8549080491065979
Car 0.0 0 -1.6830592155456543 691.62109375 178.5460205078125 737.7941284179688 217.6763458251953 3.3235748 1.5457289 1.5687402 4.3565984 1.8013625 30.673027 -1.5419694185256958 0.841425359249115
Car 0.0 0 -2.34245228767395 982.5691528320312 200.4459991455078 1242.0 375.0 3.9758885 1.4936928 1.6057446 3.7627304 1.7176551 3.8553553 -1.5692120790481567 0.6148211359977722
