Car 0.0 0 1.8107404708862305 418.3642883300781 185.3068084716797 495.4053955078125 234.42025756835938 3.3674617 1.379015 1.5376123 -4.5503817 1.3831389 21.896347 1.6058422327041626 0.9877127408981323
Car 0.0 0 2.1832387447357178 0.0 179.64060974121094 204.74954223632812 298.834716796875 4.095811 1.5589173 1.6072972 -8.396685 1.4871328 11.461443 1.5509651899337769 0.9862659573554993
Car 0.0 0 1.7432889938354492 466.5740661621094 181.9568634033203 518.169189453125 214.54385375976562 3.8761144 1.3651843 1.6306057 -5.1124783 1.2297919 32.0612 1.585160255432129 0.9662171006202698
Car 0.0 0 2.052428722381592 234.76712036132812 186.8098602294922 352.890869140625 243.5279998779297 3.4784312 1.3965648 1.5028547 -8.462026 1.4451109 19.587055 1.6446261405944824 0.9595804214477539
Car 0.0 0 1.8879314661026 214.89459228515625 191.9219970703125 415.1739807128906 310.4759216308594 3.7927742 1.4189724 1.6237942 -4.1629868 1.5385398 10.755398 1.518629550933838 0.9433155655860901
Car 0.0 0 -1.5602017641067505 576.9127197265625 179.81436157226562 609.3047485351562 207.92718505859375 3.7046795 1.4629067 1.6857224 -0.81145763 1.1829686 39.26405 -1.580865502357483 0.8765155673027039
Car 0.0 0 1.7878068685531616 371.1560363769531 182.9466094970703 427.95379638671875 219.2102508544922 3.54065 1.4401617 1.5786525 -8.7590685 1.3511796 30.361706 1.5069422721862793 0.7954232096672058
Car 0.0 0 2.0381641387939453 354.01708984375 178.46923828125 414.69293212890625 205.603759765625 3.9992876 1.442736 1.6224174 -12.483715 1.0851597 40.32435 1.7379393577575684 0.784893274307251
Car 0.0 0 1.9584375619888306 236.51840209960938 172.92601013183594 324.11248779296875 219.086669921875 4.0898433 1.6296395 1.6124719 -12.416418 1.1969002 27.447927 1.5336205959320068 0.7657560706138611
Car 0.0 0 1.704460620880127 504.7306213378906 183.53265380859375 538.5650024414062 208.59165954589844 3.000443 1.3817698 1.5387594 -4.921757 1.2900976 41.14571 1.5854085683822632 0.6303670406341553
Car 0.0 0 -2.2158679962158203 0.0 212.4271240234375 285.1619873046875 376.0 3.6245298 1.4687064 1.5411376 -5.486893 1.8029736 7.5310163 -2.8455140590667725 0.31205376982688904
Car 0.0 0 2.0292487144470215 399.330322265625 167.2940216064453 437.1295471191406 184.98373413085938 4.0112076 1.4997963 1.6010653 -16.606705 -0.019926365 63.12427 1.7719982862472534 0.30519968271255493
