Car 0.0 0 1.9241639375686646 268.9222412109375 185.83897399902344 431.2593688964844 286.4302673339844 3.7530415 1.5289378 1.596091 -4.649606 1.8034936 13.343006 1.5888549089431763 0.9985841512680054
Car 0.0 0 -1.845937967300415 748.852294921875 178.66563415527344 891.172119140625 274.17620849609375 3.6622488 1.5560949 1.6336209 3.789974 1.6825325 13.8134775 -1.5781595706939697 0.9967405200004578
Car 0.0 0 -1.7883466482162476 713.9197387695312 180.55877685546875 807.3548583984375 244.3016357421875 3.8448677 1.4668474 1.5856651 3.79728 1.6909039 19.007978 -1.5911693572998047 0.9959756731987
Car 0.0 0 -1.9972960948944092 819.6725463867188 184.12725830078125 1141.37646484375 362.65155029296875 4.0672865 1.4978067 1.6254896 3.7776244 1.6603415 8.342583 -1.572105884552002 0.9957091808319092
Car 0.0 0 1.7907048463821411 436.6488952636719 183.73614501953125 513.1314697265625 233.1656036376953 4.081688 1.4446838 1.6507844 -4.445893 1.8392875 24.067442 1.6080375909805298 0.9940099716186523
Car 0.0 0 1.7038253545761108 522.1025390625 178.62362670898438 560.3685913085938 207.45826721191406 3.7842426 1.503997 1.6426699 -3.8291326 1.8421876 40.323696 1.6091493368148804 0.991047203540802
Car 0.0 0 1.8167574405670166 390.6910400390625 182.69476318359375 486.4030456542969 250.67242431640625 3.6827173 1.5619935 1.5900898 -4.4347825 1.8463677 18.96764 1.5870755910873413 0.9870412349700928
Car 0.0 0 -1.7392042875289917 698.3126220703125 178.86700439453125 767.116943359375 228.8768310546875 3.813576 1.5084507 1.6314402 3.96885 1.7258637 24.131819 -1.5761981010437012 0.9813250303268433
Car 0.0 0 -1.6565256118774414 692.8074951171875 176.8993377685547 739.7022094726562 218.0706329345703 3.5197792 1.5746487 1.6043837 4.2812552 1.7519283 29.750542 -1.5136016607284546 0.92142254114151
Car 0.0 0 -1.732151985168457 681.2523193359375 180.39817810058594 725.4562377929688 211.6306915283203 3.6867714 1.4030623 1.5546674 4.4585824 1.7908696 35.18389 -1.606101632118225 0.6086330413818359
Car 0.0 0 -1.7094610929489136 682.2077026367188 177.21578979492188 719.533447265625 206.08380126953125 3.6522975 1.5445383 1.606026 5.08164 1.8038499 40.995754 -1.586134910583496 0.3284807801246643
