Pedestrian 0.0 0 -0.7165944576263428 887.2860107421875 163.48500061035156 905.7063598632812 198.49221801757812 0.73442596 1.867875 0.561425 15.402271 1.3683327 38.88321 -0.33944058418273926 0.731002688407898
Car 0.0 0 -1.7899925708770752 706.327880859375 186.75973510742188 835.7576293945312 278.20050048828125 3.6040235 1.4160045 1.5748614 2.8094661 1.7122202 13.535384 -1.585334062576294 0.9945184588432312
Car 0.0 0 0.46522024273872375 76.19355010986328 187.49388122558594 400.7993469238281 288.65924072265625 4.2687902 1.4394383 1.5649096 -5.6839237 1.6846102 11.277133 -0.0016398475272580981 0.9885783195495605
Car 0.0 0 0.4695235788822174 213.05650329589844 171.4354705810547 436.34552001953125 247.9241943359375 4.3810654 1.6083901 1.6861159 -6.366006 1.5789195 16.21764 0.09546828269958496 0.9870437979698181
Car 0.0 0 0.2642221450805664 390.00091552734375 182.32626342773438 497.7850341796875 222.67074584960938 3.7704675 1.4875071 1.615412 -6.409822 1.8656181 27.892763 0.038341522216796875 0.9795421361923218
Car 0.0 0 0.5260229110717773 157.36141967773438 179.90322875976562 402.31109619140625 262.1156921386719 4.0304055 1.4449714 1.5652317 -6.2810793 1.5899991 13.826085 0.09960556030273438 0.9779260754585266
Car 0.0 0 -2.7404415607452393 315.90679931640625 176.05467224121094 470.17291259765625 232.4364013671875 3.9789848 1.5533229 1.6501087 -6.307487 1.6515921 21.031618 -3.031811237335205 0.9727034568786621
Car 0.0 0 3.3401119709014893 403.1056213378906 177.08604431152344 502.0739440917969 218.24720764160156 3.8225362 1.6743919 1.6436081 -6.6102014 1.8579248 30.37562 3.1258373260498047 0.9441916346549988
Car 0.0 0 -1.6800353527069092 637.8054809570312 179.58547973632812 667.9165649414062 205.24990844726562 3.8800554 1.5758682 1.5496771 2.740306 2.0361261 47.316154 -1.6221851110458374 0.9437819719314575
Car 0.0 0 0.06627359986305237 469.951904296875 177.5561065673828 534.4901123046875 206.32180786132812 3.5925405 1.6131316 1.6735169 -6.2289333 1.8920476 41.76122 -0.0817907452583313 0.9127792119979858
Car 0.0 0 0.2459973394870758 347.2037658691406 179.948974609375 472.756591796875 229.06011962890625 3.6509342 1.5173738 1.5265476 -6.4434037 1.7550828 23.329193 -0.02347940392792225 0.8882834911346436
Car 0.0 0 -2.6853768825531006 268.7950134277344 173.15420532226562 437.3781433105469 237.27284240722656 3.7822425 1.5614791 1.5786259 -6.5986037 1.5699849 18.57922 -3.026641607284546 0.8770580887794495
Car 0.0 0 -3.3954529762268066 775.4170532226562 174.0297393798828 942.6448974609375 235.77464294433594 3.7701192 1.5094507 1.7332102 6.2813067 1.541864 18.671875 -3.0709407329559326 0.8718689680099487
Car 0.0 0 -0.49084538221359253 707.1779174804688 182.01779174804688 818.2608642578125 221.11366271972656 4.159664 1.4746128 1.5341533 6.1164784 1.8619698 29.14964 -0.2840156853199005 0.8359512090682983
Car 0.0 0 -3.300349712371826 696.2767333984375 180.0054473876953 793.482177734375 213.88462829589844 4.003679 1.4361186 1.594051 5.8443627 1.7598614 31.78178 -3.1184911727905273 0.8243373036384583
Car 0.0 0 3.7151689529418945 0.0 194.51637268066406 294.4195556640625 327.6866455078125 3.724338 1.43258 1.6071062 -6.1615157 1.7261802 8.902227 3.109743118286133 0.7892149686813354
Car 0.0 0 -0.11946471035480499 703.2546997070312 175.027099609375 786.2890625 211.60049438476562 3.6895437 1.6789007 1.675862 6.2918453 1.7850877 34.184135 0.06255555152893066 0.6222876310348511
