Car 0.0 0 -1.9020237922668457 752.127197265625 186.0752716064453 1006.0432739257812 345.13385009765625 4.073158 1.485268 1.641127 2.9929168 1.6903794 9.123412 -1.5850375890731812 0.9983479976654053
Car 0.0 0 -1.7045190334320068 655.3276977539062 175.63539123535156 711.4774169921875 218.33192443847656 3.8908179 1.546012 1.6745917 2.767916 1.6632973 28.355503 -1.6072125434875488 0.9839089512825012
Car 0.0 0 -2.7220585346221924 351.5199279785156 175.16160583496094 481.97943115234375 226.05712890625 3.7323172 1.5625985 1.6498886 -6.255332 1.6412137 23.358522 -2.983715534210205 0.8587726354598999
Car 0.0 0 -2.5991082191467285 91.23033142089844 169.48110961914062 360.0634765625 282.85601806640625 3.6332753 1.7511731 1.6789824 -6.355613 1.6994338 12.086047 -3.0832319259643555 0.7777261137962341
Car 0.0 0 -2.822986602783203 423.44964599609375 176.36163330078125 519.611328125 210.73037719726562 4.0007772 1.5083065 1.6432087 -6.32714 1.674086 32.953392 -3.012680768966675 0.6394877433776855
Car 0.0 0 -1.688239336013794 644.651123046875 178.224853515625 681.7733764648438 207.8688201904297 3.9110234 1.5163743 1.5752242 2.83689 1.8264532 39.61657 -1.6167527437210083 0.5877717733383179
Car 0.0 0 0.2148565948009491 433.8104553222656 173.6080322265625 531.43603515625 206.203125 4.4356046 1.5491836 1.7334572 -6.2163024 1.5874232 35.290627 0.040499210357666016 0.577983021736145
Car 0.0 0 0.510277271270752 185.2050018310547 175.07083129882812 420.1915588378906 260.9446716308594 4.1372685 1.6108071 1.5630199 -6.175146 1.6590735 14.587075 0.10982203483581543 0.5547215342521667
Car 0.0 0 0.5945042371749878 0.0 148.77197265625 182.6476593017578 375.0 4.0325785 1.7693232 1.7983474 -6.6671257 1.5828441 6.837664 -0.17826658487319946 0.4477508068084717
Car 0.0 0 -1.3955204486846924 726.67822265625 185.71456909179688 840.425537109375 273.4469299316406 3.953107 1.5205103 1.6649522 3.7404313 1.8314066 15.275494 -1.1553807258605957 0.4442691206932068
Car 0.0 0 0.2845408320426941 358.1720886230469 175.42649841308594 495.98455810546875 218.0369110107422 4.4430075 1.4491899 1.675627 -6.4547772 1.5439956 25.567976 0.03725242614746094 0.34367185831069946
Car 0.0 0 0.2030826210975647 266.8803405761719 185.22158813476562 451.4848937988281 247.1552276611328 3.981194 1.3741165 1.5609311 -5.9822183 1.6911055 17.44295 -0.12730595469474792 0.3344035744667053
Car 0.0 0 -2.824237585067749 395.00079345703125 176.75759887695312 505.94287109375 220.67813110351562 3.904383 1.6338463 1.5860626 -6.1876435 1.791008 27.997019 -3.0417518615722656 0.3096531629562378
