Pedestrian 0.0 0 -1.1278212070465088 218.89271545410156 163.41629028320312 297.92962646484375 280.3746032714844 1.2984427 1.7741613 0.6554103 -5.5210795 1.5011507 11.544177 -1.5739233493804932 0.7836079001426697
Pedestrian 0.0 0 -1.5850062370300293 1095.1400146484375 149.79949951171875 1167.8404541015625 341.8881530761719 0.98124677 1.750198 0.5455705 5.170901 1.4627402 7.1005273 -0.955576479434967 0.6502665877342224
Pedestrian 0.0 0 -1.43896484375 768.240966796875 147.5730743408203 814.1656494140625 266.19842529296875 1.0925734 1.7607794 0.561769 2.9478476 1.2585037 11.271703 -1.183167576789856 0.5194740891456604
Pedestrian 0.0 0 -3.110384702682495 784.154296875 155.66029357910156 871.0338745117188 318.1511535644531 0.9308076 1.7911495 0.52972955 2.5694416 1.5076714 8.317327 -2.8107588291168213 0.5057982206344604
Pedestrian 0.0 0 -1.5889084339141846 622.0742797851562 162.3840789794922 648.364501953125 235.8300323486328 1.0793247 1.687772 0.59964556 0.7571494 1.2497015 17.051916 -1.5445349216461182 0.4666809141635895
Pedestrian 0.0 0 -2.988118886947632 699.9508056640625 160.1700897216797 794.0006103515625 327.1387939453125 0.946465 1.750861 0.5880187 1.5742425 1.5285537 7.9679112 -2.793058156967163 0.4061563313007355
Pedestrian 0.0 0 2.110114574432373 1070.2623291015625 154.52523803710938 1156.15283203125 303.1684875488281 0.7860918 1.686167 0.50000113 6.030035 1.381524 8.533567 2.7252731323242188 0.3758460581302643
Pedestrian 0.0 0 -0.06048741936683655 301.05126953125 158.2201385498047 380.4419860839844 266.88958740234375 1.2418798 1.7816126 0.61600494 -4.5102715 1.4012336 12.305135 -0.4118167757987976 0.3586122691631317
Cyclist 0.0 0 1.9963725805282593 326.9797668457031 164.81622314453125 406.599609375 277.1964416503906 1.571405 1.7226064 0.65843314 -3.8648741 1.4681736 11.825314 1.6804858446121216 0.3865446448326111
Car 0.0 0 1.5666942596435547 528.4152221679688 174.21084594726562 566.8506469726562 207.23316955566406 3.7073612 1.4148148 1.645832 -2.4703913 1.1034834 32.68706 1.4912606477737427 0.9682382345199585
Car 0.0 0 1.7120355367660522 406.2763671875 158.29498291015625 483.8547668457031 228.27047729492188 4.593189 1.9791808 1.7516524 -4.834394 1.3239967 22.66615 1.5018973350524902 0.4608737826347351
Car 0.0 0 1.719883918762207 448.7958679199219 160.61614990234375 506.022705078125 209.8166046142578 4.1437173 1.835611 1.668441 -4.922279 1.0574933 28.885498 1.5510985851287842 0.4081461429595947
