Car 0.0 0 -1.8154091835021973 713.5654296875 182.0393829345703 865.781982421875 280.938720703125 4.151865 1.4284256 1.6099409 2.943541 1.6196554 12.898957 -1.5910511016845703 0.9952496290206909
Car 0.0 0 1.6602503061294556 523.6897583007812 178.61611938476562 573.0073852539062 218.43565368652344 3.5708163 1.405428 1.5787747 -2.35511 1.6418725 27.770931 1.5756478309631348 0.9876207709312439
Car 0.0 0 0.4974716603755951 142.01304626464844 182.63783264160156 402.74383544921875 272.7239074707031 3.939922 1.4620708 1.520163 -5.9206614 1.6477954 12.783641 0.06374144554138184 0.9823013544082642
Car 0.0 0 -1.6786421537399292 656.1876831054688 173.36228942871094 702.4134521484375 211.02854919433594 4.0859528 1.5285292 1.555672 2.9092238 1.5524479 31.388063 -1.5862205028533936 0.9736160635948181
Car 0.0 0 -2.5589470863342285 0.0 182.6920623779297 358.8229064941406 301.2597961425781 4.240079 1.4631948 1.5961322 -5.914346 1.6113905 9.944938 -3.0954670906066895 0.9681159853935242
Car 0.0 0 0.125442236661911 444.3061218261719 172.7720184326172 524.0926513671875 206.89276123046875 3.611285 1.6006004 1.6153558 -6.04606 1.5971125 34.735943 -0.046889033168554306 0.9612478613853455
Car 0.0 0 0.27405688166618347 276.6142883300781 172.36085510253906 454.7982177734375 234.3866729736328 4.1484647 1.5486705 1.587322 -6.3404408 1.5367157 18.90802 -0.04949027672410011 0.9466134309768677
Car 0.0 0 -2.2622523307800293 0.0 175.66294860839844 187.04443359375 345.3135070800781 3.5058434 1.4985179 1.6435934 -6.622706 1.5322589 7.48945 -2.986309289932251 0.8265045285224915
Car 0.0 0 -1.6600077152252197 631.7730712890625 174.41583251953125 651.8067626953125 190.71922302246094 3.5595992 1.4183736 1.4854244 2.8164127 1.5632044 64.92925 -1.6166582107543945 0.8032844662666321
Car 0.0 0 0.5877653360366821 232.6903533935547 179.48741149902344 423.30059814453125 249.8871307373047 3.806294 1.4796513 1.659784 -6.488907 1.6439217 16.609192 0.2153177261352539 0.7958972454071045
Car 0.0 0 -2.2574267387390137 852.1937866210938 192.1697998046875 1242.0 375.0 3.8424377 1.4430233 1.6453818 2.7321415 1.5948123 3.6941226 -1.6206203699111938 0.30263596773147583
