Car 0.0 0 1.6133692264556885 556.7349853515625 186.6430206298828 587.8668212890625 217.52806091308594 3.6953113 1.5161244 1.5234601 -2.0301259 2.2959208 38.928078 1.5612657070159912 0.9912317395210266
Car 0.0 0 1.9957420825958252 3.6442813873291016 204.29518127441406 404.9351501464844 375.0 3.5606737 1.4781095 1.4932903 -3.000847 1.8240525 6.1256924 1.5402240753173828 0.9878917932510376
Car 0.0 0 1.712280035018921 454.4832458496094 176.11517333984375 550.4522705078125 264.29425048828125 4.2964244 1.8371441 1.6735963 -2.4906743 1.9255924 17.338125 1.5696030855178833 0.9734938144683838
Car 0.0 0 -2.0313918590545654 806.49609375 180.52915954589844 1094.5986328125 355.3441467285156 3.3791418 1.5487446 1.5599734 3.5237005 1.6555625 8.273596 -1.628761649131775 0.9583075046539307
Car 0.0 0 -1.734649658203125 753.7080688476562 197.83396911621094 874.9979858398438 280.3990783691406 4.30403 1.304397 1.68056 4.0016665 1.8999399 14.96541 -1.4733679294586182 0.956695020198822
Car 0.0 0 -1.6926860809326172 714.9170532226562 190.3736114501953 788.705078125 246.3111114501953 3.8157547 1.3890154 1.6392227 4.0000343 1.9492404 21.09771 -1.5053144693374634 0.9481117129325867
Car 0.0 0 -1.5732313394546509 678.6327514648438 184.02786254882812 712.6209716796875 217.76492309570312 4.0213985 1.6069974 1.6769152 4.4440017 2.2259085 37.84619 -1.4563438892364502 0.8586782217025757
Car 0.0 0 -1.651806354522705 688.882080078125 186.26881408691406 729.22509765625 221.86676025390625 3.5848322 1.4648894 1.5258936 4.425831 2.1109757 32.898685 -1.5180801153182983 0.7642968893051147
Car 0.0 0 -1.7009080648422241 702.9193725585938 189.39511108398438 760.8186645507812 233.591064453125 3.8439953 1.4174615 1.5968145 4.361892 2.0710168 26.543165 -1.538031816482544 0.45172426104545593
Car 0.0 0 1.6913009881973267 500.3846130371094 190.54110717773438 564.6973266601562 246.15731811523438 3.6574585 1.533051 1.5984646 -2.4233167 2.1398833 22.897543 1.5858604907989502 0.39246195554733276
