Car 0.0 0 -2.597123146057129 125.74549865722656 177.5174560546875 418.0976867675781 285.831787109375 4.2747135 1.6703688 1.6381025 -5.6831546 1.7567995 12.264701 -3.031043767929077 0.9903178215026855
Car 0.0 0 -1.7441073656082153 703.135009765625 177.14071655273438 785.195068359375 238.54966735839844 3.7654052 1.5669042 1.647107 3.6683564 1.700608 20.55655 -1.5675143003463745 0.988980770111084
Car 0.0 0 3.4307363033294678 305.34808349609375 182.38197326660156 470.8381652832031 242.19876098632812 3.9197125 1.5023129 1.5642351 -5.852958 1.7663459 19.168713 3.1343884468078613 0.9875281453132629
Car 0.0 0 -1.7747201919555664 726.7605590820312 179.1231231689453 839.2244873046875 260.3847961425781 3.6029172 1.5047683 1.6071072 3.5142188 1.6552236 15.455615 -1.551146388053894 0.9810293316841125
Car 0.0 0 -2.8315634727478027 380.0521240234375 179.4796600341797 495.47198486328125 225.15097045898438 3.5223389 1.4840479 1.5660374 -5.8713694 1.7189298 24.62266 -3.065645933151245 0.8992302417755127
Car 0.0 0 -2.420675277709961 0.0 164.61927795410156 340.95916748046875 332.2756042480469 4.0274086 1.7524244 1.6605257 -5.59259 1.666709 8.65591 -2.9943044185638428 0.8093793392181396
Car 0.0 0 3.2843053340911865 413.2203063964844 178.3120880126953 524.8345947265625 221.8933563232422 3.8527098 1.5419589 1.6908911 -5.1881375 1.7514192 26.700558 3.09238862991333 0.8041760921478271
Car 0.0 0 0.19361113011837006 466.7220764160156 177.3553924560547 555.7168579101562 213.1430206298828 3.918295 1.6311133 1.6510544 -4.6579294 1.8497968 34.056038 0.057682037353515625 0.7739967107772827
Car 0.0 0 -1.5995646715164185 685.614990234375 176.34422302246094 722.3759765625 211.15634155273438 3.624828 1.5422128 1.6143292 4.371655 1.7172339 34.22255 -1.472510814666748 0.7437286376953125
Car 0.0 0 -2.929079532623291 447.4257507324219 179.3461456298828 548.2747192382812 212.86959838867188 4.1208186 1.4111904 1.6532074 -4.9162183 1.7051557 31.682955 -3.0830209255218506 0.7368971705436707
Car 0.0 0 -2.889411211013794 436.9832458496094 176.36659240722656 534.1416625976562 218.1719512939453 3.5717566 1.6219689 1.6207396 -5.017396 1.7686671 29.104706 -3.060124397277832 0.7097363471984863
Car 0.0 0 0.5071049928665161 487.2374267578125 178.71630859375 559.407958984375 208.89198303222656 3.5459292 1.5564798 1.6321375 -4.7400393 1.8868637 39.192616 0.3867473602294922 0.3532573878765106
Car 0.0 0 -2.822115659713745 531.2139892578125 175.0410919189453 584.4728393554688 194.97462463378906 3.9511943 1.5570674 1.6335577 -4.199588 1.7368435 57.91368 -2.894503593444824 0.34935739636421204
