Pedestrian 0.0 0 0.6156644821166992 714.1182250976562 159.37716674804688 784.7214965820312 290.88372802734375 0.77516955 1.7771152 0.60384154 2.0519645 1.4794825 10.193711 0.8143069744110107 0.9391619563102722
Pedestrian 0.0 0 -1.81576406955719 766.5906982421875 161.18649291992188 806.0166625976562 247.39743041992188 0.91778487 1.7100517 0.57261187 3.7343922 1.3083671 14.705993 -1.567083716392517 0.93119877576828
Pedestrian 0.0 0 -0.8983038067817688 636.161865234375 172.09869384765625 676.1868286132812 237.3239288330078 0.88536626 1.7027423 0.6668458 1.4420931 1.458487 19.301285 -0.8237274885177612 0.7919672131538391
Pedestrian 0.0 0 -1.2255388498306274 395.0906677246094 169.1774139404297 445.90106201171875 269.3677062988281 0.9921921 1.7155833 0.5806261 -3.2543254 1.5058613 12.819409 -1.4741463661193848 0.7343345880508423
Pedestrian 0.0 0 0.4754651188850403 732.306396484375 161.53359985351562 794.091064453125 285.59234619140625 0.7317486 1.779859 0.5507897 2.3761022 1.4947172 10.748879 0.6930222511291504 0.5755811333656311
Pedestrian 0.0 0 0.22155359387397766 704.7456665039062 173.03414916992188 748.593505859375 269.7229309082031 0.6442263 1.6242541 0.5526893 2.1321433 1.4833226 12.442843 0.39126038551330566 0.5030518770217896
Pedestrian 0.0 0 -1.7522832155227661 685.8352661132812 170.978759765625 724.426513671875 261.95703125 0.69404256 1.7130331 0.6203223 1.9558846 1.516188 13.882538 -1.612316370010376 0.408619225025177
Pedestrian 0.0 0 1.599219799041748 875.5509033203125 147.53707885742188 910.3094482421875 263.4303283691406 0.95047903 1.8497115 0.51451117 4.8366647 1.3089417 12.000821 1.9823336601257324 0.3556346595287323
Cyclist 0.0 0 0.6326396465301514 40.57372283935547 187.74691772460938 187.60960388183594 310.67327880859375 1.6348679 1.6284583 0.5999384 -6.719197 1.7185339 9.875344 0.03518867492675781 0.7435790300369263
Car 0.0 0 1.6404796838760376 556.4491577148438 179.98385620117188 597.4500122070312 214.39503479003906 3.909037 1.5209332 1.6567974 -1.1056257 1.4548717 33.73069 1.6077133417129517 0.9866705536842346
