Car 0.0 0 -1.695561408996582 647.9380493164062 179.2510223388672 705.3809814453125 223.90098571777344 4.0232983 1.5515773 1.6895103 2.4373477 1.8156165 27.69704 -1.6077872514724731 0.9972902536392212
Car 0.0 0 -1.7879054546356201 685.1884765625 184.22616577148438 779.6480712890625 249.4127960205078 3.4930396 1.416743 1.5922501 2.9102056 1.7305081 18.092733 -1.6284221410751343 0.9931955337524414
Car 0.0 0 -2.7463080883026123 264.5576477050781 183.56961059570312 433.91082763671875 243.51226806640625 3.8372605 1.462045 1.5840942 -6.7622046 1.7548183 18.800152 -3.091588258743286 0.9747512340545654
Car 0.0 0 -2.7028207778930664 167.62954711914062 187.51480102539062 402.4745788574219 275.1235656738281 3.8437216 1.5643274 1.5901 -6.231056 1.8659817 13.992698 -3.1217658519744873 0.9715068340301514
Car 0.0 0 0.5656472444534302 0.0 186.73016357421875 266.81646728515625 326.14520263671875 3.9076447 1.5762846 1.5679942 -6.7860293 1.7721664 9.250646 -0.06725779920816422 0.9635637998580933
Car 0.0 0 -2.77644944190979 296.792724609375 182.09805297851562 453.3463134765625 236.939453125 4.015743 1.5003531 1.5996194 -6.7916603 1.7806252 20.943493 -3.0900344848632812 0.943976640701294
Car 0.0 0 0.24092411994934082 331.10284423828125 180.81317138671875 465.4779968261719 228.22256469726562 3.9199538 1.4648584 1.6538212 -6.85893 1.7345945 23.507374 -0.04297242313623428 0.9099766612052917
Car 0.0 0 0.269523561000824 357.5787048339844 180.77964782714844 484.54913330078125 226.908935546875 4.132769 1.5828241 1.5688066 -6.746835 1.8760803 25.848505 0.014205455780029297 0.8767580389976501
Car 0.0 0 0.18693287670612335 418.2303466796875 188.63833618164062 514.8590087890625 224.08570861816406 3.9078064 1.4707248 1.5796796 -6.2420316 2.1770282 31.460333 -0.008932971395552158 0.869491696357727
Car 0.0 0 3.3854427337646484 211.5486297607422 183.71463012695312 410.5367736816406 258.86663818359375 3.9099448 1.567872 1.6568812 -6.7226186 1.8327088 16.468273 2.997873544692993 0.8239229917526245
Car 0.0 0 -2.228584051132202 0.0 192.42575073242188 176.1382598876953 375.0 3.7858644 1.5274125 1.7547448 -6.569899 1.7469145 6.919739 -2.988054037094116 0.690789520740509
Car 0.0 0 1.6999914646148682 498.4617919921875 180.48594665527344 534.4542236328125 208.70370483398438 4.104758 1.5565103 1.6109314 -5.552387 2.0330265 42.96118 1.5714620351791382 0.6379287242889404
Car 0.0 0 1.731981873512268 522.5376586914062 182.57286071777344 555.6226806640625 206.76271057128906 3.8931484 1.4911699 1.5909481 -4.712239 2.1659064 48.070705 1.6342668533325195 0.516407310962677
