Car 0.0 0 -1.725595235824585 673.810791015625 181.94065856933594 750.6065063476562 236.48284912109375 3.779832 1.3715291 1.589607 2.7832742 1.6563929 20.682552 -1.5918277502059937 0.9975772500038147
Car 0.0 0 -1.9242479801177979 757.7633056640625 186.13287353515625 1014.8569946289062 355.7760009765625 3.559929 1.4978942 1.5700147 2.8688548 1.6869342 8.449851 -1.5969438552856445 0.9905377626419067
Car 0.0 0 -2.860607624053955 359.2318420410156 168.667724609375 490.3965148925781 225.86720275878906 3.8989148 1.8301401 1.7424659 -6.1355796 1.6965553 24.014324 -3.110752820968628 0.9865846037864685
Car 0.0 0 -1.644467830657959 652.3460083007812 176.03538513183594 695.9042358398438 213.04010009765625 3.967644 1.5014651 1.5986657 2.7087631 1.6499945 31.60945 -1.558982014656067 0.9784058332443237
Car 0.0 0 0.40909093618392944 273.439208984375 178.64242553710938 454.9564514160156 239.24171447753906 4.306523 1.5178492 1.5737784 -6.518137 1.6800779 19.214048 0.08203554153442383 0.9661634564399719
Car 0.0 0 -2.5829646587371826 22.779048919677734 168.61080932617188 361.3173522949219 287.6041259765625 4.4828563 1.7519974 1.7055172 -6.576092 1.6898806 11.566143 -3.0999486446380615 0.9415462017059326
Car 0.0 0 0.1956058293581009 409.0843505859375 179.77987670898438 512.1807861328125 219.2559356689453 3.8318548 1.5319734 1.6273102 -6.0112543 1.8198136 29.118225 -0.007977205328643322 0.884800910949707
Car 0.0 0 0.6904057860374451 0.0 188.47023010253906 294.2010192871094 324.3591003417969 3.8577874 1.4610299 1.541787 -6.200345 1.6739516 8.89316 0.0815589427947998 0.7611271142959595
Car 0.0 0 0.09973577409982681 416.9505920410156 175.24462890625 511.08380126953125 214.25816345214844 3.8864737 1.6429788 1.6420282 -6.351772 1.7511109 31.516407 -0.09913874417543411 0.6983036994934082
Car 0.0 0 -0.8839226961135864 767.453857421875 164.8134307861328 828.092529296875 187.3975372314453 4.305158 1.4782888 1.6413983 12.789041 0.95233476 49.15757 -0.6294008493423462 0.3541719913482666
