Pedestrian 0.0 0 1.8983991146087646 320.92706298828125 163.6976318359375 373.0160827636719 263.4505615234375 0.76385564 1.6815094 0.64158523 -4.6139917 1.5275207 12.549767 1.546082854270935 0.8275696039199829
Pedestrian 0.0 0 0.8954876661300659 385.86737060546875 174.52781677246094 413.73486328125 221.12417602539062 0.6392184 1.6569977 0.73170626 -7.667236 1.719199 26.173302 0.6105194091796875 0.4313699007034302
Pedestrian 0.0 0 0.8165561556816101 1088.2371826171875 134.90696716308594 1233.70068359375 375.0 0.66468304 1.781366 0.6013404 4.1757445 1.5073115 5.57881 1.459097146987915 0.3496567904949188
Car 0.0 0 1.8579342365264893 279.6823425292969 187.3125457763672 499.05615234375 335.8054504394531 3.9459858 1.4540373 1.6161436 -2.641215 1.6832374 9.4331455 1.5849319696426392 0.9980535507202148
Car 0.0 0 -1.9328187704086304 753.1036376953125 186.2879180908203 1071.8619384765625 375.0 3.5690272 1.515399 1.5581564 2.5088995 1.6805073 7.0463247 -1.5907573699951172 0.9975613355636597
Car 0.0 0 -1.7235769033432007 660.704345703125 179.74224853515625 731.2964477539062 233.38705444335938 3.7625008 1.5191072 1.6424437 2.585609 1.7557331 22.833454 -1.6108194589614868 0.9973326921463013
Car 0.0 0 -1.6950962543487549 643.1843872070312 176.58770751953125 685.7315063476562 210.95843505859375 3.520626 1.5811293 1.6465085 2.581765 1.7739022 35.38105 -1.6222550868988037 0.9381986856460571
Car 0.0 0 1.5595273971557617 536.1444091796875 177.87095642089844 570.7835693359375 209.65699768066406 4.119441 1.4970268 1.6624035 -2.9455996 1.767913 36.77773 1.479606032371521 0.931719183921814
Car 0.0 0 1.7445073127746582 390.3866271972656 183.65399169921875 496.23095703125 270.3440246582031 3.164028 1.4751501 1.508656 -3.2356343 1.7137213 14.29509 1.5219122171401978 0.8618460893630981
Car 0.0 0 2.1166818141937256 0.0 200.2259521484375 396.5166931152344 375.0 4.177583 1.4836825 1.7035074 -2.6981487 1.7218068 4.1511087 1.5403187274932861 0.6955569982528687
Car 0.0 0 0.5492799282073975 303.64825439453125 181.528076171875 417.1949462890625 224.7493133544922 3.689374 1.5083201 1.6196213 -9.29693 1.8456236 26.839369 0.21582341194152832 0.5478188991546631
