Car 0.0 0 -1.9358270168304443 766.6771240234375 178.74351501464844 933.7243041992188 284.3415222167969 3.4992402 1.5591611 1.5841974 3.9621174 1.6774142 12.64595 -1.6322033405303955 0.9957696199417114
Car 0.0 0 -2.067277193069458 859.37646484375 191.23321533203125 1242.0 375.0 4.091841 1.4304314 1.607994 3.8730829 1.6620904 7.0260153 -1.5634756088256836 0.9924023151397705
Car 0.0 0 1.8001961708068848 434.5687255859375 183.6773223876953 514.8251342773438 239.88919067382812 3.9282582 1.568387 1.6471834 -4.233572 1.942297 22.899792 1.6173864603042603 0.9881004095077515
Car 0.0 0 -1.7675166130065918 735.291748046875 179.89764404296875 836.7739868164062 250.90098571777344 3.9915862 1.5170194 1.6505587 4.160951 1.7112519 17.835857 -1.5383244752883911 0.9880642294883728
Car 0.0 0 -1.744929313659668 710.2155151367188 177.66226196289062 780.840087890625 231.35401916503906 3.7468226 1.5720143 1.5987006 4.2464848 1.740423 23.337227 -1.5649367570877075 0.9876552224159241
Car 0.0 0 1.7660040855407715 502.85699462890625 181.46084594726562 554.44677734375 217.16156005859375 3.9086337 1.51215 1.6565125 -3.754823 1.9367745 33.54806 1.6545442342758179 0.9517623782157898
Car 0.0 0 1.6937357187271118 553.6452026367188 178.45106506347656 584.9114379882812 200.50514221191406 4.1737795 1.4372505 1.6759766 -2.8209925 1.8439571 50.242947 1.6376476287841797 0.9294405579566956
Car 0.0 0 1.7649579048156738 482.3104553222656 180.60919189453125 540.9326171875 224.71728515625 3.7632244 1.593293 1.6104879 -3.8766675 1.9224766 28.66467 1.6305315494537354 0.9200541973114014
Car 0.0 0 -1.7295072078704834 693.3024291992188 179.69801330566406 749.9136352539062 221.1912384033203 3.7410498 1.4984778 1.6274928 4.301398 1.7875004 28.55213 -1.5799809694290161 0.7922863960266113
Car 0.0 0 -1.7829761505126953 684.5634765625 177.15969848632812 727.5038452148438 206.99807739257812 3.665198 1.523703 1.5714245 5.1399817 1.7697549 39.279255 -1.652858018875122 0.6455124020576477
