Pedestrian 0.0 0 1.5567128658294678 447.63897705078125 169.2394256591797 480.4100036621094 270.7083740234375 0.81969815 1.7375249 0.5539657 -2.488465 1.5288588 12.755925 1.3640495538711548 0.9221272468566895
Pedestrian 0.0 0 1.1225121021270752 99.55620574951172 181.4453125 188.96128845214844 348.0677795410156 0.6749636 1.655822 0.5535427 -4.85088 1.656647 7.548429 0.5513322353363037 0.7036790251731873
Pedestrian 0.0 0 2.3682870864868164 1109.66796875 139.34056091308594 1200.9964599609375 284.867431640625 0.7236096 1.8213826 0.60363173 7.1345763 1.2950611 9.331035 3.021071434020996 0.6755654215812683
Pedestrian 0.0 0 -2.8572187423706055 892.6347045898438 154.48126220703125 972.2607421875 279.0103454589844 0.980577 1.7925779 0.54733676 4.9577703 1.404961 10.86531 -2.4291434288024902 0.6325941681861877
Pedestrian 0.0 0 2.123270273208618 427.66522216796875 167.61915588378906 471.6930847167969 234.6333465576172 1.223009 1.7253366 0.598904 -4.067323 1.3691382 19.168144 1.9141796827316284 0.48788881301879883
Pedestrian 0.0 0 -1.7824164628982544 689.39208984375 163.4223175048828 726.1807861328125 240.6061248779297 1.2855532 1.7260622 0.5851888 2.4248817 1.3230077 16.722595 -1.638413906097412 0.4634392261505127
Pedestrian 0.0 0 -1.6301437616348267 677.3562622070312 166.79335021972656 696.9100341796875 215.91641235351562 0.6476713 1.718992 0.649793 3.0123858 1.2054163 25.476725 -1.5124495029449463 0.3314371705055237
Car 0.0 0 1.7132858037948608 450.8422546386719 169.028564453125 516.3948974609375 226.27554321289062 4.6275997 1.8459151 1.6478862 -4.097144 1.4448731 25.487322 1.5538971424102783 0.8638074994087219
Car 0.0 0 1.6780441999435425 485.4736022949219 169.8174591064453 530.6259765625 209.8290252685547 4.1514053 1.6673461 1.5604972 -4.1107855 1.1814969 32.02275 1.5503716468811035 0.839352011680603
Car 0.0 0 -1.553813099861145 599.1668701171875 172.4398193359375 628.7201538085938 201.13392639160156 3.7491467 1.5628622 1.6107489 0.7442714 1.0702125 41.024147 -1.5356727838516235 0.5176020860671997
Car 0.0 0 -1.476855754852295 549.1112670898438 171.38861083984375 578.9219970703125 194.6551513671875 3.697718 1.4995066 1.6589383 -2.46168 0.8485404 48.176155 -1.5279088020324707 0.3173876106739044
