Car 0.0 0 -1.8899840116500854 723.0374755859375 175.51258850097656 957.89453125 326.49139404296875 4.1432796 1.5830821 1.6840571 2.7292833 1.6271263 9.745418 -1.6169214248657227 0.991662859916687
Car 0.0 0 -1.6953901052474976 675.1453247070312 174.64459228515625 751.3771362304688 234.26986694335938 3.9515867 1.5501667 1.675043 2.8337522 1.6072226 20.85975 -1.5603687763214111 0.9900475740432739
Car 0.0 0 -1.7872565984725952 695.0852661132812 184.85440063476562 810.8946533203125 263.9647521972656 3.7679663 1.3991104 1.5845423 2.8225272 1.6848495 15.246727 -1.6042054891586304 0.9888327121734619
Car 0.0 0 -1.676073670387268 646.515380859375 174.78887939453125 690.9118041992188 210.95529174804688 3.9799857 1.547512 1.6068394 2.5932631 1.6420236 33.097073 -1.5978801250457764 0.972123384475708
Car 0.0 0 3.4801230430603027 217.7545623779297 165.10638427734375 437.3771667480469 242.89456176757812 4.362976 1.6777211 1.6525555 -6.3545823 1.5109799 16.450787 3.111501455307007 0.9536411166191101
Car 0.0 0 -2.635049343109131 64.89485168457031 175.595947265625 354.0293884277344 273.18157958984375 3.9234114 1.512808 1.6566318 -6.591826 1.562248 12.07158 -3.13486385345459 0.9303504228591919
Car 0.0 0 -2.660459041595459 175.35414123535156 172.04652404785156 393.52813720703125 250.6986083984375 3.5882318 1.4558686 1.6345173 -6.3873453 1.44128 14.277262 -3.0811312198638916 0.9090653657913208
Car 0.0 0 -2.8269095420837402 346.0342712402344 171.0672149658203 484.1797790527344 223.4170684814453 4.037502 1.6437675 1.6953707 -6.3509007 1.588021 23.604467 -3.08974027633667 0.8714355826377869
Car 0.0 0 -2.5078237056732178 0.0 179.1702117919922 305.1422119140625 322.2019348144531 4.1634974 1.6510777 1.672656 -6.4185057 1.7407645 9.303711 -3.111729860305786 0.8637962937355042
Car 0.0 0 0.16356518864631653 449.6266784667969 173.5745849609375 524.5374145507812 206.7874298095703 3.4776187 1.6198875 1.574736 -6.133107 1.657015 36.019505 -0.005089156329631805 0.8560777902603149
Car 0.0 0 0.2243177592754364 409.46063232421875 176.78656005859375 511.61614990234375 214.1494903564453 4.070124 1.5626351 1.6105406 -6.450013 1.7376664 31.19919 0.020453214645385742 0.8073856830596924
Car 0.0 0 -2.713254928588867 277.5932312011719 163.48081970214844 452.9137878417969 237.3374481201172 3.9823494 1.8128117 1.6630538 -6.329721 1.5831048 18.738455 -3.0390138626098633 0.7190544009208679
Car 0.0 0 0.6622893810272217 329.75335693359375 173.34231567382812 469.7915954589844 230.29330444335938 3.7380419 1.5535706 1.6105095 -6.201625 1.5692108 21.14146 0.3769543170928955 0.5922026634216309
Car 0.0 0 0.8503179550170898 480.314453125 173.66014099121094 541.5101928710938 200.8595428466797 3.7953558 1.6061182 1.6486292 -6.1810975 1.6583681 44.578808 0.712540864944458 0.5057817697525024
Car 0.0 0 0.8502910733222961 0.0 196.5634002685547 274.1724853515625 375.0 3.9556653 1.4505479 1.6769676 -5.7478194 1.7281258 7.25431 0.18024349212646484 0.3249531090259552
Car 0.0 0 -1.5894031524658203 640.1887817382812 171.8962860107422 667.017578125 198.8648681640625 3.811531 1.5561059 1.5380648 2.5636575 1.5012031 43.565594 -1.5306249856948853 0.30374643206596375
