Cyclist 0.0 0 1.689352035522461 430.04180908203125 175.4146728515625 465.56622314453125 267.4662780761719 1.4571702 1.7615496 0.53672045 -3.3148756 1.8164009 14.599512 1.4660835266113281 0.8324890732765198
Car 0.0 0 -1.6955331563949585 632.0339965820312 181.77838134765625 693.4248657226562 229.6153106689453 4.2938495 1.4788735 1.6023196 1.7161607 1.8193824 25.309408 -1.6278295516967773 0.9903400540351868
Car 0.0 0 -2.7853212356567383 265.5995178222656 175.41619873046875 425.1202087402344 231.66761779785156 3.690781 1.4435849 1.6456667 -7.083987 1.5158969 19.425154 -3.135014772415161 0.9845199584960938
Car 0.0 0 -0.4881279468536377 839.6174926757812 180.042236328125 1218.740234375 309.4853210449219 4.1229367 1.572835 1.6999931 5.3774433 1.6791067 9.745612 0.016081571578979492 0.9845036268234253
Car 0.0 0 -0.3665597438812256 817.2123413085938 172.4432373046875 1080.4063720703125 281.2086486816406 3.6153078 1.6696986 1.6152257 5.410036 1.6637506 11.983992 0.057489871978759766 0.9787166714668274
Car 0.0 0 2.362912654876709 965.0877685546875 177.03562927246094 1242.0 359.05755615234375 3.9333997 1.5011853 1.6304184 5.7279453 1.5477955 6.9858165 3.049694061279297 0.9654254913330078
Car 0.0 0 -2.8827450275421143 397.7440490722656 176.26712036132812 489.3455810546875 212.54360961914062 3.7726269 1.6017455 1.6647009 -7.585205 1.7620482 32.916874 -3.109226703643799 0.6989277601242065
Car 0.0 0 -2.6117146015167236 316.24761962890625 181.50172424316406 453.8011169433594 235.4730987548828 3.7523005 1.5395337 1.569893 -6.9198537 1.8195821 22.146627 -2.9145596027374268 0.6770400404930115
Car 0.0 0 -2.181690216064453 0.0 169.96832275390625 223.4116668701172 329.5460205078125 3.9828682 1.5789323 1.6528128 -6.872916 1.550738 8.478903 -2.8628554344177246 0.6465060114860535
Car 0.0 0 -1.6181408166885376 616.6411743164062 176.32937622070312 650.9609375 206.84548950195312 3.824639 1.6120393 1.7356421 1.2550623 1.816657 40.4781 -1.5871447324752808 0.612105667591095
