Car 0.0 0 -1.7583884000778198 688.673095703125 182.2509307861328 782.52587890625 249.71961975097656 3.4846544 1.4698081 1.5867975 2.938804 1.4063517 17.414688 -1.5912091732025146 0.9957089424133301
Car 0.0 0 1.7626163959503174 442.5277404785156 181.56268310546875 511.1671142578125 227.300048828125 3.5630996 1.4314005 1.62963 -4.3796964 1.3182065 24.285894 1.5841950178146362 0.9955447316169739
Car 0.0 0 1.8712661266326904 290.33734130859375 180.73941040039062 459.9727783203125 288.0311279296875 3.9235914 1.5161165 1.5902708 -3.740941 1.4539939 12.116821 1.5718108415603638 0.9945887327194214
Car 0.0 0 2.0466184616088867 150.98207092285156 186.9911651611328 313.76861572265625 258.5087890625 3.7692845 1.3698231 1.5929723 -8.058587 1.4145129 15.745467 1.5735726356506348 0.9854938983917236
Car 0.0 0 -1.6269451379776 634.950927734375 178.13446044921875 665.9916381835938 204.22274780273438 3.8560472 1.5082551 1.6519753 2.5166433 1.0999957 43.485188 -1.5691360235214233 0.956658661365509
Car 0.0 0 1.5760571956634521 587.1409912109375 178.283935546875 615.2701416015625 202.13954162597656 3.7497003 1.3753034 1.6217707 -0.41308525 0.97681093 43.31739 1.5665212869644165 0.9335328936576843
Car 0.0 0 1.7104783058166504 498.5317077636719 180.81642150878906 539.4332885742188 208.95770263671875 3.7515213 1.3738317 1.5823914 -4.545148 1.1601948 36.979347 1.5881812572479248 0.9245883822441101
Car 0.0 0 2.132823944091797 0.0 182.5926513671875 300.5951232910156 376.0 4.242729 1.4669756 1.5910652 -3.6349323 1.4586309 4.7764606 1.4823139905929565 0.6065517067909241
Car 0.0 0 1.5218515396118164 572.4929809570312 176.64183044433594 596.4946899414062 197.78842163085938 3.730313 1.4651734 1.5393038 -1.7233418 0.87225163 51.725346 1.4885467290878296 0.4248065948486328
Car 0.0 0 1.751220703125 396.4345397949219 171.28309631347656 444.9373779296875 208.97283935546875 3.6608891 1.6840396 1.5893835 -8.8185625 1.0626395 33.999657 1.4974409341812134 0.3561179041862488
