Car 0.0 0 2.02252197265625 143.8333740234375 196.00198364257812 340.27813720703125 306.0066223144531 3.737535 1.5133414 1.5447552 -6.216809 1.9777043 12.586421 1.5637421607971191 0.9966358542442322
Car 0.0 0 -1.719376564025879 678.215576171875 180.74183654785156 764.1251831054688 239.0364990234375 4.2354116 1.3538504 1.6433522 2.8233182 1.5900538 19.449825 -1.5752243995666504 0.9912172555923462
Car 0.0 0 1.746814489364624 458.6658020019531 184.68157958984375 506.380126953125 217.5728302001953 3.8516397 1.4405326 1.6241869 -6.143385 2.0448084 34.91174 1.5726287364959717 0.9791204929351807
Car 0.0 0 1.8572512865066528 373.98236083984375 185.13381958007812 459.67559814453125 235.21078491210938 3.9580166 1.4408078 1.666592 -6.2856817 1.8793021 23.740004 1.5984188318252563 0.9734134078025818
Car 0.0 0 -0.5734490156173706 947.4352416992188 166.259521484375 1242.0 256.4215393066406 4.303108 1.4075863 1.6155945 8.145098 1.3049927 12.109526 0.01866316795349121 0.9704633951187134
Car 0.0 0 -0.3753823935985565 806.4425048828125 158.41427612304688 971.2360229492188 217.79254150390625 4.247327 1.6948001 1.6930853 8.15552 1.2830133 21.464237 -0.01227162592113018 0.933034360408783
Car 0.0 0 1.8827807903289795 329.14849853515625 195.18569946289062 428.8996276855469 256.5474853515625 3.7102673 1.433674 1.5709113 -6.3448586 2.1128013 20.068672 1.5765674114227295 0.8475363254547119
Car 0.0 0 1.6782562732696533 480.23492431640625 184.71446228027344 515.89697265625 213.9001922607422 3.343533 1.4924572 1.6054468 -6.197233 2.1782484 39.98881 1.5245051383972168 0.5985741019248962
Car 0.0 0 -2.057908773422241 221.953857421875 178.8584442138672 317.5165710449219 220.82130432128906 3.8926919 1.4218411 1.5555586 -12.692328 1.6596435 26.743519 -2.501026153564453 0.5909659266471863
Car 0.0 0 -0.5353617668151855 890.1620483398438 147.61912536621094 1129.0726318359375 233.5911407470703 4.1392093 1.6953636 1.6141723 8.199826 1.198091 15.111478 -0.038200367242097855 0.5064449310302734
