Car 0.0 0 -1.752378225326538 697.6659545898438 187.03445434570312 806.2898559570312 265.7525634765625 3.7584279 1.4191104 1.6042799 2.8708754 1.7623123 15.562142 -1.569951057434082 0.9935639500617981
Car 0.0 0 -2.6684317588806152 147.1988067626953 181.8993377685547 417.07415771484375 265.4716491699219 4.257336 1.4031197 1.5425763 -5.91857 1.5797672 13.1806755 -3.090481996536255 0.9813629388809204
Car 0.0 0 3.3090102672576904 399.4673156738281 180.14495849609375 502.06903076171875 219.1841278076172 3.9251847 1.5465553 1.6465361 -6.562773 1.8577777 29.842905 3.0925452709198 0.9807448387145996
Car 0.0 0 -1.7173097133636475 636.506591796875 181.61085510253906 667.547119140625 205.1099090576172 4.101556 1.4848192 1.5258094 2.7978942 2.1088214 49.27276 -1.6605868339538574 0.9663024544715881
Car 0.0 0 0.24589885771274567 365.1627502441406 182.783203125 490.9415588378906 227.578369140625 4.0062523 1.4986182 1.6053094 -6.3537235 1.8581573 25.295267 -0.00019225431606173515 0.9599301815032959
Car 0.0 0 -2.525334358215332 43.36519241333008 182.86083984375 356.7942199707031 291.2149353027344 3.9039426 1.460454 1.6445961 -6.1332936 1.6266686 10.933816 -3.036543607711792 0.9410687685012817
Car 0.0 0 0.04735811799764633 479.95745849609375 178.30508422851562 542.8076171875 206.20278930664062 3.699964 1.637184 1.6860625 -5.9674716 1.9755521 43.73555 -0.08824890106916428 0.9352973699569702
Car 0.0 0 -2.3794479370117188 0.0 190.29702758789062 216.9406280517578 339.1636657714844 3.916447 1.4659071 1.5518489 -6.8875318 1.6866524 8.213474 -3.077265739440918 0.9206266403198242
Car 0.0 0 -2.6994380950927734 258.86395263671875 179.8555145263672 452.0469055175781 243.94969177246094 4.2819867 1.4924258 1.6064194 -6.3380284 1.6778105 18.043272 -3.0372424125671387 0.9056894779205322
Car 0.0 0 -2.773890972137451 342.996337890625 181.63844299316406 480.7142333984375 233.24803161621094 3.8923604 1.542844 1.6328243 -6.2810197 1.8345017 22.917068 -3.041398048400879 0.8739138245582581
Car 0.0 0 -3.302478551864624 694.3843383789062 178.6876678466797 783.5878295898438 211.12350463867188 3.8922307 1.4678997 1.7092263 5.9577475 1.7490617 33.848015 -3.128248453140259 0.8408269882202148
Car 0.0 0 -2.7124741077423096 213.58741760253906 176.01083374023438 420.372802734375 250.4906005859375 3.8613362 1.5184045 1.5484418 -6.305668 1.5909833 15.642226 -3.095665693283081 0.8219251036643982
Car 0.0 0 3.3107800483703613 424.5405578613281 180.29058837890625 510.9852600097656 217.67123413085938 3.5741017 1.613828 1.6989974 -6.37364 1.9573386 32.397793 3.116529941558838 0.5868961811065674
Car 0.0 0 2.9577362537384033 692.7235717773438 174.32388305664062 777.6159057617188 210.2313995361328 3.9339724 1.7452527 1.6505545 6.159189 1.8206729 35.99027 3.1272292137145996 0.4793192148208618
Car 0.0 0 -3.403834581375122 750.457275390625 175.89382934570312 911.824951171875 232.39996337890625 4.0839305 1.5340016 1.7907343 6.173115 1.6253446 20.640665 -3.1132261753082275 0.47784003615379333
Car 0.0 0 0.26049426198005676 305.1111755371094 180.1056671142578 448.6796875 238.6392364501953 3.5721676 1.5647317 1.5871607 -6.5466747 1.7788737 20.386415 -0.05023271590471268 0.46885403990745544
Car 0.0 0 -0.35983672738075256 707.5634765625 181.82872009277344 805.1435546875 218.6297149658203 3.7992694 1.4963269 1.5387626 6.2006865 1.8945692 30.920252 -0.16192388534545898 0.46549710631370544
