Pedestrian 0.0 0 1.0785715579986572 423.1011657714844 172.3638153076172 453.1902160644531 228.97842407226562 0.6195659 1.5954505 0.62326974 -4.995136 1.5819948 20.769451 0.8425500392913818 0.3462916314601898
Car 0.0 0 -2.6626367568969727 213.05538940429688 181.59967041015625 421.93621826171875 249.86160278320312 4.121239 1.4290041 1.5788915 -6.5883074 1.639316 16.336357 -3.0459771156311035 0.9876840710639954
Car 0.0 0 -2.57779860496521 52.43448257446289 176.65045166015625 352.43115234375 279.87359619140625 3.9098856 1.502583 1.6007131 -6.392467 1.568107 11.474806 -3.086066722869873 0.9817772507667542
Car 0.0 0 -1.7444372177124023 680.35400390625 176.7452392578125 783.3314819335938 257.11767578125 4.0228405 1.614803 1.6389984 2.631029 1.7162461 16.715628 -1.5883187055587769 0.9801633954048157
Car 0.0 0 -1.6620957851409912 655.2276000976562 178.38052368164062 708.437744140625 221.5776824951172 4.0318484 1.5129186 1.6612895 2.6509583 1.7417209 27.803719 -1.5670377016067505 0.9789790511131287
Car 0.0 0 -1.613624930381775 638.9985961914062 178.84315490722656 671.3346557617188 207.3623504638672 4.030357 1.461637 1.601333 2.4142208 1.8097024 39.857998 -1.5531282424926758 0.9746106266975403
Car 0.0 0 -1.7525490522384644 661.921875 183.4504852294922 737.0169677734375 236.95101928710938 3.8790843 1.4661287 1.6302966 2.6519508 1.8268358 22.54601 -1.6354631185531616 0.9710094332695007
Car 0.0 0 -2.8009915351867676 302.6169738769531 177.75173950195312 466.37213134765625 231.82933044433594 4.272476 1.5066375 1.6956507 -6.586789 1.6572367 21.199665 -3.1022379398345947 0.9199190139770508
Car 0.0 0 -2.7547566890716553 269.9682312011719 181.75672912597656 444.9905090332031 239.98313903808594 4.024276 1.4312263 1.6042746 -6.584568 1.6761734 18.915092 -3.0897483825683594 0.8092790842056274
Car 0.0 0 -1.5663076639175415 629.849609375 178.52284240722656 652.560546875 200.71945190429688 3.9468958 1.4670155 1.5329591 2.17091 1.8816365 50.71785 -1.523530125617981 0.8052255511283875
Car 0.0 0 -2.606083393096924 169.52098083496094 181.69952392578125 392.380859375 264.1878662109375 3.627299 1.4572036 1.5620764 -6.315048 1.6402949 13.927874 -3.0317702293395996 0.7394642233848572
Car 0.0 0 -2.929608106613159 404.65557861328125 174.9879608154297 506.069580078125 214.46066284179688 3.9004245 1.6082296 1.698284 -6.484521 1.7008425 30.33875 -3.140177011489868 0.7212491035461426
Car 0.0 0 3.365396499633789 337.76446533203125 177.28208923339844 479.4173889160156 226.14663696289062 4.170119 1.5114974 1.5945091 -6.4826236 1.6607922 23.371986 3.0948307514190674 0.698168158531189
Car 0.0 0 3.162961483001709 469.386474609375 172.95492553710938 533.1746215820312 200.66494750976562 3.671772 1.6032435 1.6550184 -6.45656 1.6097364 42.80724 3.013261079788208 0.5912026762962341
Car 0.0 0 -2.338369131088257 0.0 182.82192993164062 338.502197265625 333.85968017578125 4.151213 1.4978937 1.6946868 -5.6441817 1.6349573 8.607725 -2.9187488555908203 0.5239466428756714
Car 0.0 0 3.1577706336975098 442.2018737792969 176.9063262939453 519.0953369140625 207.02786254882812 3.8986444 1.5255321 1.6396793 -6.813631 1.7454275 37.964626 2.9801881313323975 0.49163520336151123
