Car 0.0 0 -1.7372461557388306 690.5664672851562 180.67532348632812 807.5851440429688 269.3077392578125 3.9148383 1.4865829 1.6164265 2.5678978 1.6644905 14.411378 -1.5609114170074463 0.9976434111595154
Car 0.0 0 -2.638188123703003 84.27085876464844 183.8262481689453 366.10211181640625 285.193359375 3.8698015 1.554915 1.6293741 -6.356924 1.7523236 12.102608 -3.121833086013794 0.9880527257919312
Car 0.0 0 -1.7226860523223877 668.5177612304688 179.50991821289062 751.6380004882812 241.8130645751953 4.0466795 1.5469441 1.7026411 2.6656864 1.7542518 20.39022 -1.5926897525787354 0.9807693958282471
Car 0.0 0 -2.7427244186401367 193.9476318359375 176.26727294921875 423.1869201660156 262.504150390625 3.9870765 1.6495966 1.6417354 -6.0657225 1.7234671 14.701375 -3.1340417861938477 0.9794290661811829
Car 0.0 0 -1.6743402481079102 652.1407470703125 174.93142700195312 701.2127075195312 215.27114868164062 3.8168836 1.5482297 1.6179001 2.6486466 1.6399463 29.807796 -1.5857155323028564 0.9719212055206299
Car 0.0 0 -1.6215596199035645 637.037353515625 174.89564514160156 668.7363891601562 203.3977813720703 4.1496673 1.6307948 1.6966298 2.5163372 1.7605861 43.6598 -1.563988208770752 0.9574414491653442
Car 0.0 0 0.7053194642066956 0.0 174.90078735351562 226.60275268554688 375.0 3.7839372 1.8050759 1.6742455 -6.0680323 1.8275028 6.911316 -0.015198694542050362 0.9336355328559875
Car 0.0 0 3.4734063148498535 247.21153259277344 184.71002197265625 425.4905090332031 253.289306640625 3.6801922 1.5300367 1.5030175 -6.465273 1.825863 17.175875 3.1133947372436523 0.8310335278511047
Car 0.0 0 0.5575148463249207 0.0 195.24317932128906 310.24505615234375 323.5860900878906 3.9498954 1.5015734 1.5256761 -6.3102436 1.8233296 9.539302 -0.02690195105969906 0.7836014628410339
Car 0.0 0 3.2320163249969482 456.1471252441406 179.48228454589844 536.1668701171875 208.0051727294922 4.3355007 1.5556737 1.6316069 -6.4120736 1.9391985 40.751522 3.0759501457214355 0.7690365314483643
Car 0.0 0 0.3443518877029419 389.8133850097656 180.7520294189453 497.8966369628906 220.5408935546875 3.8093307 1.4728842 1.5215257 -6.4682703 1.7913085 28.0752 0.11791229248046875 0.6384381055831909
Car 0.0 0 -2.901763439178467 451.7025451660156 177.16357421875 530.0909423828125 205.5486602783203 3.8610187 1.4690509 1.6299345 -6.3707333 1.705652 38.59096 -3.065371513366699 0.595691978931427
