Car 0.0 0 -2.0491886138916016 803.3180541992188 189.7166290283203 1242.0 375.0 3.9761539 1.419501 1.6369737 2.7627077 1.5932885 5.4241576 -1.5781017541885376 0.9972372055053711
Car 0.0 0 -1.6981902122497559 654.0037841796875 176.17469787597656 705.4916381835938 217.11160278320312 3.597225 1.48799 1.5544363 2.634488 1.6272057 28.34448 -1.6055110692977905 0.9951525926589966
Car 0.0 0 -1.7995498180389404 695.9485473632812 174.70608520507812 820.1978149414062 265.61627197265625 3.7519565 1.578209 1.5906198 2.7681153 1.6207061 14.507326 -1.6110080480575562 0.9943721294403076
Car 0.0 0 0.5151052474975586 151.02308654785156 172.97230529785156 397.0102844238281 261.8205261230469 3.8141603 1.520745 1.62311 -6.142862 1.523445 13.316498 0.08289647102355957 0.9405436515808105
Car 0.0 0 -2.745668411254883 350.7382507324219 174.4083251953125 487.11199951171875 222.0010223388672 4.0254116 1.4988618 1.701168 -6.3247256 1.5531455 23.9122 -3.004244804382324 0.878013551235199
Car 0.0 0 -1.6168091297149658 628.3027954101562 173.90113830566406 649.6199951171875 192.2291259765625 3.5665183 1.5268301 1.6661144 2.4444795 1.619909 62.098816 -1.5774650573730469 0.7617698311805725
Car 0.0 0 0.2884385585784912 367.9398498535156 174.74488830566406 502.4247131347656 216.51612854003906 4.4238744 1.4420357 1.5829337 -6.254934 1.5126244 25.89226 0.051404476165771484 0.753840982913971
Car 0.0 0 0.3893454074859619 209.8291473388672 175.46217346191406 425.8241271972656 244.49169921875 4.0973988 1.4267348 1.533826 -6.3177276 1.4868755 15.752647 0.007927179336547852 0.7457579374313354
Car 0.0 0 -2.8153750896453857 506.6744384765625 170.88580322265625 561.9050903320312 190.0204620361328 4.2097297 1.5332448 1.5858641 -6.208154 1.3758916 59.04941 -2.9201252460479736 0.7293764352798462
Car 0.0 0 -0.19082945585250854 693.7210693359375 169.39599609375 791.086181640625 202.2506103515625 4.2043066 1.4865005 1.6631024 6.0540214 1.3304018 33.499893 -0.012041493318974972 0.5847427248954773
Car 0.0 0 -2.550713062286377 301.8814392089844 173.73374938964844 451.6544189453125 223.6378173828125 3.9809973 1.3674028 1.5463501 -6.848062 1.395063 21.101423 -2.86452054977417 0.4934118986129761
Car 0.0 0 -2.4637227058410645 0.0 179.61900329589844 331.1674499511719 327.1333312988281 3.99381 1.5754079 1.5947084 -5.746011 1.6674296 8.783877 -3.043012857437134 0.46599918603897095
Car 0.0 0 -2.897401809692383 507.2601318359375 170.88165283203125 556.0902709960938 190.97987365722656 3.4991672 1.5459896 1.7058352 -6.147073 1.3946298 56.581356 -3.0056188106536865 0.30907782912254333
