Pedestrian 0.0 0 0.988831639289856 759.1696166992188 158.9934539794922 848.3970336914062 332.1322021484375 0.71042174 1.5918816 0.5352494 1.8784924 1.3958445 6.916713 1.254022479057312 0.9346604943275452
Pedestrian 0.0 0 1.1545771360397339 702.4349365234375 147.6511993408203 794.333740234375 347.5917053222656 0.71806633 1.7556378 0.60005665 1.2734104 1.4689012 6.620654 1.3445956707000732 0.9289140701293945
Pedestrian 0.0 0 1.7788809537887573 432.3656005859375 133.2540740966797 457.3511657714844 195.8658905029297 0.62307966 1.7913721 0.59364545 -4.6815877 0.44120097 20.540497 1.5547890663146973 0.7930057048797607
Pedestrian 0.0 0 1.2190158367156982 589.7181396484375 137.2397003173828 629.85107421875 231.5988311767578 0.7328466 1.6471866 0.5003591 0.03521937 0.89365506 12.767561 1.2217743396759033 0.7877276539802551
Pedestrian 0.0 0 1.3322129249572754 627.4633178710938 143.7396697998047 658.1527099609375 222.25210571289062 0.8279218 1.7625675 0.52404463 0.8261247 0.93892705 16.323587 1.3827790021896362 0.7162495851516724
Pedestrian 0.0 0 -1.3754608631134033 411.8826599121094 134.98086547851562 436.766845703125 199.60557556152344 0.60693115 1.873092 0.6048352 -5.346271 0.5553273 20.808199 -1.626952052116394 0.7024064660072327
Pedestrian 0.0 0 1.2888239622116089 541.660400390625 131.1157684326172 579.938720703125 230.51792907714844 0.7636391 1.7192667 0.48833108 -0.84359705 0.86675954 12.666438 1.2223211526870728 0.6437586545944214
Pedestrian 0.0 0 1.2960885763168335 570.4965209960938 131.6342315673828 607.4979858398438 228.8910675048828 0.8964162 1.8110207 0.48635992 -0.36132756 0.902728 13.661162 1.2696454524993896 0.6422744989395142
Pedestrian 0.0 0 1.477718472480774 502.894287109375 132.4390411376953 525.1033325195312 194.1899871826172 0.6360959 1.800454 0.5957683 -2.7387192 0.4007222 20.986261 1.3479512929916382 0.6269474625587463
Pedestrian 0.0 0 -0.8700147867202759 260.6194152832031 136.37303161621094 327.2769470214844 252.89825439453125 0.76578563 1.8305418 0.6613197 -5.121352 1.1389898 11.562511 -1.2869715690612793 0.6218562126159668
Pedestrian 0.0 0 1.5309895277023315 469.2523498535156 133.3739471435547 489.5688171386719 196.03775024414062 0.7089453 1.7780261 0.5492693 -3.6734796 0.44244146 20.462254 1.3533570766448975 0.5608000159263611
Pedestrian 0.0 0 1.5840811729431152 458.1294250488281 134.7954559326172 478.84490966796875 197.0385284423828 0.5009136 1.8366858 0.6019131 -4.1156483 0.48958844 21.158823 1.3919678926467896 0.44344213604927063
Pedestrian 0.0 0 1.818720817565918 474.1108093261719 136.27890014648438 497.7022399902344 197.12066650390625 0.57482475 1.8124001 0.58112144 -3.6281054 0.4966718 21.366781 1.6505239009857178 0.31940174102783203
