Car 0.0 0 -1.8281381130218506 725.6598510742188 176.1049041748047 904.3262939453125 304.6294250488281 3.7156174 1.5754188 1.6006454 2.7856352 1.6328255 10.797523 -1.575655221939087 0.995445966720581
Car 0.0 0 -1.714290976524353 660.74853515625 178.6911163330078 721.2230834960938 225.1584014892578 3.580573 1.4326835 1.5279734 2.633455 1.6461028 24.51722 -1.6072887182235718 0.9915930032730103
Car 0.0 0 -2.50081205368042 0.0 178.61474609375 322.96429443359375 309.6748962402344 4.105297 1.5141767 1.6504803 -6.156181 1.5968429 9.361456 -3.0825178623199463 0.9792259931564331
Car 0.0 0 -2.8460094928741455 331.63116455078125 172.0486297607422 484.4119873046875 223.06971740722656 4.206679 1.4964173 1.5926787 -6.128337 1.4731543 22.00606 -3.117611885070801 0.9715970754623413
Car 0.0 0 0.3272947371006012 310.3736877441406 175.02955627441406 473.40380859375 233.36929321289062 3.9321337 1.5177232 1.7188132 -5.9346056 1.580489 19.766397 0.03562045097351074 0.9469768404960632
Car 0.0 0 -1.65337336063385 627.61669921875 175.3304443359375 651.7801513671875 195.93148803710938 3.70841 1.5976157 1.644813 2.3448038 1.8045362 58.29388 -1.6131712198257446 0.9304090738296509
Car 0.0 0 0.45687437057495117 81.30413818359375 178.13720703125 379.67169189453125 274.4073181152344 4.0811944 1.4667166 1.5985396 -6.150791 1.5605246 11.921084 -0.01945880427956581 0.9112191796302795
Car 0.0 0 -2.601745128631592 218.4186553955078 173.61524963378906 409.1297607421875 236.46275329589844 3.9457552 1.3921891 1.5339905 -6.9938283 1.4116627 17.060896 -2.9907851219177246 0.8307841420173645
Car 0.0 0 -3.3072028160095215 706.9769897460938 172.71951293945312 813.5751342773438 212.1519012451172 4.021379 1.5568637 1.7238677 6.0168295 1.5519121 29.418901 -3.1054625511169434 0.7424561977386475
Car 0.0 0 -2.622917652130127 154.42811584472656 150.4091339111328 386.6302185058594 246.18438720703125 3.8430338 1.7694955 1.6897553 -6.683299 1.3551731 14.327856 -3.059370994567871 0.5398000478744507
Car 0.0 0 -2.772535562515259 354.87237548828125 170.87435913085938 483.660888671875 217.80714416503906 3.9323342 1.5308654 1.5708841 -6.479815 1.4666508 24.530592 -3.0307891368865967 0.4818238914012909
Car 0.0 0 0.16989637911319733 457.92083740234375 176.33517456054688 524.8687133789062 204.54336547851562 3.5510988 1.5700275 1.6003813 -6.7661057 1.7729517 41.17023 0.0070078372955322266 0.33822059631347656
