Car 0.0 0 0.5496147274971008 0.0 186.23031616210938 322.8459777832031 313.111328125 3.8707526 1.5101949 1.6304522 -6.1400476 1.70465 9.615971 -0.018652109429240227 0.9925858378410339
Car 0.0 0 2.8865506649017334 713.71728515625 182.573486328125 836.5855102539062 226.55230712890625 4.164651 1.5566399 1.6820288 6.0372553 1.9309897 26.849968 3.1077237129211426 0.9827532768249512
Car 0.0 0 2.6815295219421387 820.1405639648438 187.04396057128906 1049.2471923828125 267.7670593261719 3.9928968 1.5208734 1.5984303 6.496358 1.8297765 14.795479 3.0952630043029785 0.9819560647010803
Car 0.0 0 -0.7080254554748535 945.631591796875 197.21510314941406 1242.0 358.4360656738281 4.1826663 1.4050485 1.6453068 5.8852715 1.6881844 7.4660864 -0.0404796376824379 0.9664468765258789
Car 0.0 0 0.4986507296562195 263.40704345703125 181.44802856445312 453.4464111328125 251.24986267089844 3.908298 1.4956467 1.5739484 -5.855481 1.709443 16.82218 0.16368651390075684 0.9512766003608704
Car 0.0 0 -1.5968101024627686 644.8785400390625 181.698974609375 674.3746337890625 209.1941375732422 3.535555 1.4502964 1.5730435 2.7493956 1.9754813 41.012066 -1.5298715829849243 0.9466004967689514
Car 0.0 0 0.36321109533309937 288.34625244140625 185.54949951171875 452.6537170410156 242.82711791992188 3.8059747 1.4102678 1.5476441 -6.277217 1.7600515 18.999573 0.04411435127258301 0.9448883533477783
Car 0.0 0 0.2103736251592636 443.6615905761719 179.41464233398438 528.75 211.8720703125 3.8143477 1.5197908 1.6496829 -6.0081835 1.8470545 35.04868 0.040599822998046875 0.9307178258895874
Car 0.0 0 3.2407846450805664 456.4949035644531 175.77452087402344 536.4568481445312 207.31744384765625 4.005126 1.6070714 1.58757 -5.93935 1.7642369 37.832054 3.0850632190704346 0.9084458351135254
Car 0.0 0 -0.3552141785621643 796.7184448242188 186.2319793701172 997.6504516601562 251.310302734375 4.136615 1.4419258 1.6220039 6.6695724 1.7763566 17.17296 0.015231847763061523 0.8969363570213318
Car 0.0 0 -2.6642980575561523 117.0689926147461 184.30479431152344 399.4939270019531 278.7961120605469 3.9717357 1.44117 1.5492035 -5.781222 1.6458143 12.03684 -3.1120569705963135 0.8400067090988159
Car 0.0 0 0.304911345243454 334.7432861328125 169.41799926757812 479.2358093261719 230.25802612304688 3.8480275 1.7435907 1.6082681 -6.033685 1.6454779 21.540422 0.03180074691772461 0.8222119808197021
Car 0.0 0 -2.5735840797424316 385.6628112792969 179.29391479492188 502.71136474609375 221.64334106445312 4.0336494 1.4794382 1.6402062 -6.2615223 1.7345291 27.090778 -2.8007264137268066 0.5870072841644287
Car 0.0 0 0.24605761468410492 467.5020446777344 176.37667846679688 535.3329467773438 204.9601593017578 3.6724956 1.6323296 1.5596601 -6.3854723 1.844314 42.390625 0.09654760360717773 0.43155643343925476
Car 0.0 0 -2.7273848056793213 369.45806884765625 176.74180603027344 489.7906494140625 227.42791748046875 3.568312 1.599547 1.5266727 -6.003194 1.7348075 23.981333 -2.9726719856262207 0.3793462812900543
