Car 0.0 0 1.760122537612915 434.9912414550781 182.44822692871094 508.6675720214844 233.4691619873047 3.6118515 1.4636215 1.6037737 -4.191456 1.385363 22.42738 1.5753638744354248 0.9937154650688171
Car 0.0 0 1.9369118213653564 214.99534606933594 188.43222045898438 415.9231872558594 305.3518371582031 3.3869922 1.4367429 1.6091425 -4.1344385 1.4930091 10.620728 1.565680742263794 0.9805768132209778
Car 0.0 0 -1.588356375694275 593.5127563476562 181.16143798828125 631.5170288085938 213.9528350830078 3.4062755 1.4240656 1.6513156 0.14937119 1.2491289 32.928467 -1.5838202238082886 0.9777452945709229
Car 0.0 0 2.273453712463379 0.0 191.57798767089844 196.10195922851562 316.286376953125 4.255098 1.4314106 1.5550936 -8.207971 1.5457609 10.628132 1.6158406734466553 0.9689262509346008
Car 0.0 0 1.6864629983901978 489.5029296875 181.26361083984375 537.464111328125 218.3546142578125 3.6597133 1.453306 1.5732684 -3.9102125 1.299586 30.003191 1.5568668842315674 0.9646719694137573
Car 0.0 0 -1.6673425436019897 636.305908203125 178.1785888671875 665.224365234375 201.53492736816406 3.6057494 1.5046595 1.5861472 2.8224669 1.0524474 48.137993 -1.6087768077850342 0.9304904937744141
Car 0.0 0 1.7545011043548584 417.2732238769531 182.50035095214844 464.6242370605469 215.50860595703125 3.3144605 1.4563332 1.5651745 -7.729815 1.337663 33.402195 1.527087926864624 0.68459153175354
Car 0.0 0 1.4768987894058228 576.70556640625 178.32786560058594 610.8612670898438 204.96539306640625 3.7743185 1.4452283 1.5903198 -0.86651355 1.0726585 40.963963 1.4557489156723022 0.5114850997924805
Car 0.0 0 1.8969815969467163 195.110595703125 162.9125518798828 312.404052734375 245.9514923095703 3.6889791 1.7796446 1.416047 -8.421522 1.3027871 17.321358 1.444440484046936 0.44623392820358276
Car 0.0 0 1.517520785331726 530.052001953125 179.09884643554688 555.4505004882812 199.7183380126953 3.8910863 1.3899186 1.5650691 -4.618525 0.9787251 50.490788 1.4263019561767578 0.38572612404823303
