Car 0.0 0 -0.5793519616127014 868.7721557617188 181.76393127441406 1236.3175048828125 301.2789611816406 4.1372724 1.4804517 1.6169258 5.8835945 1.6151546 9.973233 -0.046363454312086105 0.9960624575614929
Car 0.0 0 -1.6766859292984009 653.2239379882812 181.22317504882812 713.56787109375 227.08872985839844 4.0282097 1.3822315 1.5997072 2.363837 1.6902674 24.501547 -1.5805065631866455 0.9934351444244385
Car 0.0 0 -2.523815393447876 0.0 177.06497192382812 313.5550231933594 303.7637023925781 4.2245626 1.5733969 1.6551684 -6.576474 1.6368382 9.911753 -3.1096243858337402 0.9925119876861572
Car 0.0 0 -1.6531959772109985 643.0490112304688 178.09408569335938 685.583251953125 213.72698974609375 3.7508478 1.529315 1.6481465 2.4201953 1.7859523 33.402275 -1.5808663368225098 0.9821361899375916
Car 0.0 0 3.842042922973633 0.0 188.08946228027344 217.4923858642578 364.63568115234375 3.9943144 1.5370024 1.655337 -6.4852223 1.7102774 7.30846 3.1162562370300293 0.9806742668151855
Car 0.0 0 0.34865790605545044 264.0581970214844 181.16400146484375 447.7315368652344 242.9232635498047 4.0373697 1.4574798 1.5968508 -6.31517 1.6754695 18.070189 0.012446403503417969 0.9805246591567993
Car 0.0 0 -1.663549542427063 626.1837768554688 173.45164489746094 652.4068603515625 194.28652954101562 4.0959845 1.447641 1.5204986 2.0607173 1.493078 52.33616 -1.6241952180862427 0.9253713488578796
Car 0.0 0 -2.596242904663086 89.509521484375 179.22415161132812 331.47589111328125 273.6380920410156 3.2863672 1.4840119 1.543113 -6.7440505 1.6003766 12.294671 -3.0979602336883545 0.8756936192512512
Car 0.0 0 1.6136634349822998 549.8584594726562 178.80526733398438 574.5078735351562 200.83438110351562 3.7407773 1.3951707 1.5000312 -3.2189658 1.811984 48.60151 1.5475282669067383 0.8616805076599121
Car 0.0 0 0.4282434284687042 354.407470703125 174.8372039794922 478.13665771484375 225.18936157226562 3.8856914 1.6844832 1.591357 -6.805704 1.7575028 25.32799 0.165740966796875 0.8382180333137512
Car 0.0 0 0.3283124566078186 405.8727722167969 182.0997314453125 515.1238403320312 217.65139770507812 4.297091 1.4452261 1.6228462 -6.414855 1.8560187 30.956701 0.12398409843444824 0.8324676752090454
Car 0.0 0 0.43888506293296814 461.5889892578125 178.259521484375 533.1879272460938 207.2423095703125 3.5738027 1.5324361 1.5900353 -6.2473173 1.8410621 39.88215 0.28350329399108887 0.6469568014144897
Car 0.0 0 -2.7945098876953125 338.7491149902344 168.34811401367188 484.40130615234375 224.79098510742188 3.7866051 1.5705509 1.5497335 -5.759189 1.4455305 20.996958 -3.0622129440307617 0.36241310834884644
