Car 0.0 0 -1.7479661703109741 687.7280883789062 183.32582092285156 780.1719360351562 251.95677185058594 3.647951 1.4318473 1.552255 2.8324764 1.7121141 17.447407 -1.587026596069336 0.9949333071708679
Car 0.0 0 0.41507095098495483 208.87139892578125 182.24082946777344 446.65240478515625 256.34600830078125 4.3760324 1.4372685 1.5669769 -5.844857 1.6455582 15.097706 0.04570364952087402 0.9860219359397888
Car 0.0 0 -2.7465362548828125 291.6631774902344 171.60531616210938 469.1320495605469 228.6289520263672 4.422808 1.51128 1.6652021 -6.3805914 1.4785444 20.144337 -3.0532824993133545 0.9667294025421143
Car 0.0 0 -1.6604984998703003 635.236328125 176.66311645507812 663.56005859375 200.419921875 4.021668 1.5937924 1.6417683 2.722716 1.8746803 51.097065 -1.6072636842727661 0.9398416876792908
Car 0.0 0 0.2073574662208557 419.48199462890625 176.3375701904297 509.69842529296875 214.59519958496094 3.6455445 1.6357634 1.62561 -6.405242 1.7937976 31.827358 0.008760690689086914 0.9283030033111572
Car 0.0 0 0.4869779944419861 133.92550659179688 184.8303680419922 395.867431640625 272.80084228515625 3.9366217 1.4385306 1.6376724 -6.1157174 1.6689823 12.95154 0.045816659927368164 0.9258711934089661
Car 0.0 0 0.48756811022758484 256.15472412109375 177.80125427246094 437.29754638671875 242.70660400390625 3.8782806 1.4809432 1.5874459 -6.4341807 1.6097342 17.67494 0.13845086097717285 0.8945873379707336
Car 0.0 0 -2.7210776805877686 359.8837890625 176.33966064453125 490.4586486816406 220.65704345703125 4.0625443 1.4539747 1.6592617 -6.4096103 1.5807872 25.012896 -2.9719321727752686 0.8932735919952393
Car 0.0 0 0.19844985008239746 428.2571105957031 177.20724487304688 512.6959838867188 213.5709991455078 3.6950934 1.6761622 1.600543 -6.6193247 1.8881826 34.26534 0.0076220035552978516 0.8920590877532959
Car 0.0 0 -2.714073419570923 334.39947509765625 176.52774047851562 463.11492919921875 225.26649475097656 3.5300658 1.4436705 1.5665253 -6.6022205 1.564086 22.550673 -2.9988865852355957 0.8911107182502747
Car 0.0 0 -2.3892953395843506 0.0 159.80899047851562 177.652587890625 345.7723693847656 3.7963521 1.6982186 1.6536516 -6.8949804 1.5794493 7.4199023 -3.13804030418396 0.8694220185279846
Car 0.0 0 -2.491004467010498 0.0 200.90777587890625 267.87664794921875 312.15594482421875 3.6027598 1.353804 1.516189 -6.967625 1.7769631 10.035547 -3.097891092300415 0.8018767237663269
Car 0.0 0 -3.3835954666137695 748.9190063476562 172.9637908935547 887.7194213867188 224.04995727539062 3.8817964 1.537155 1.708544 6.4002657 1.5410968 22.630892 -3.1079819202423096 0.6171711683273315
Car 0.0 0 0.2113991677761078 383.666748046875 176.41061401367188 496.5271911621094 220.3397674560547 3.9209971 1.6076345 1.5953412 -6.4240694 1.7470492 27.372915 -0.019116228446364403 0.5642058253288269
Car 0.0 0 -3.275907516479492 682.6181640625 178.50851440429688 774.1837768554688 207.7916259765625 4.2804785 1.3989303 1.7025689 5.766907 1.6863635 35.723007 -3.115854263305664 0.4782508611679077
Car 0.0 0 -0.011681899428367615 489.8644104003906 174.85032653808594 548.3590087890625 202.1684112548828 3.6102855 1.6837062 1.701278 -5.792207 1.8135796 45.717846 -0.13770513236522675 0.4531664550304413
