Car 0.0 0 -1.761960744857788 695.6287841796875 183.3433074951172 799.4363403320312 255.09112548828125 3.7399259 1.4270054 1.5717081 2.9634283 1.3908963 16.17135 -1.5807199478149414 0.9926315546035767
Car 0.0 0 1.7248597145080566 462.58172607421875 179.87020874023438 519.8367919921875 220.64796447753906 3.5232098 1.4345428 1.6045672 -4.354796 1.2476226 27.05128 1.5652461051940918 0.9917391538619995
Car 0.0 0 1.804786205291748 364.0384521484375 180.21200561523438 489.6039123535156 258.5640563964844 4.3492527 1.452661 1.6328576 -3.7603106 1.361023 15.501803 1.5668102502822876 0.9907641410827637
Car 0.0 0 1.971812129020691 111.46591186523438 180.63111877441406 405.618896484375 358.9871520996094 3.527557 1.5190963 1.5757123 -3.5281844 1.4811796 7.8973994 1.5516619682312012 0.9862948060035706
Car 0.0 0 2.334015369415283 0.0 199.7579803466797 166.0258026123047 358.8831481933594 4.149693 1.4226865 1.6013464 -7.691662 1.6471622 8.923105 1.622599482536316 0.9680207967758179
Car 0.0 0 -1.6501336097717285 636.7936401367188 175.03123474121094 672.9004516601562 203.3664093017578 4.185005 1.5107384 1.6889261 2.5682087 0.96886826 40.428925 -1.5866948366165161 0.9665443897247314
Car 0.0 0 1.572405457496643 587.2598266601562 176.7600860595703 613.43896484375 199.48272705078125 3.961422 1.376755 1.5863782 -0.49275875 0.8655644 45.53935 1.5615854263305664 0.9601699113845825
Car 0.0 0 1.6607930660247803 508.4088134765625 178.9374542236328 542.96484375 203.99612426757812 3.9676607 1.3076771 1.5381979 -4.4920926 0.98118114 39.510582 1.5475857257843018 0.7705180644989014
Car 0.0 0 1.7651082277297974 455.7351989746094 170.73313903808594 490.58721923828125 194.2972412109375 3.7099566 1.4761469 1.5489224 -8.758654 0.5700351 46.89051 1.580446720123291 0.4574436843395233
Car 0.0 0 1.848263144493103 346.7466125488281 181.713134765625 414.7651672363281 220.8782501220703 3.3907726 1.3967329 1.5990294 -8.594733 1.2729535 27.348923 1.5437736511230469 0.37299638986587524
