Car 0.0 0 -1.6404262781143188 641.109375 178.61610412597656 683.3460083007812 216.5029754638672 3.9424517 1.5829538 1.6261476 2.2706873 1.8603355 32.715042 -1.571129322052002 0.9951649904251099
Car 0.0 0 -1.7783714532852173 664.5328369140625 181.58351135253906 734.787841796875 232.33445739746094 3.4414797 1.4612473 1.5445746 2.7535 1.7635071 23.16817 -1.6600779294967651 0.9944302439689636
Car 0.0 0 -2.634359359741211 916.1326293945312 184.3813934326172 1225.84814453125 303.6712646484375 3.654468 1.4174169 1.5388341 6.6657586 1.623741 10.920283 -2.0863265991210938 0.9659041166305542
Car 0.0 0 3.582383632659912 149.2293701171875 189.02432250976562 375.6470031738281 273.6899719238281 3.7328937 1.5491211 1.559927 -6.8111286 1.8873867 14.287534 3.1375341415405273 0.9652886986732483
Car 0.0 0 0.4766254127025604 337.3172607421875 182.68856811523438 460.14508056640625 229.50311279296875 3.5761623 1.4455575 1.5704792 -6.9942756 1.7862425 23.855082 0.1914200782775879 0.9145742058753967
Car 0.0 0 -2.811788558959961 285.611328125 187.242919921875 444.6695251464844 250.8349151611328 3.6314652 1.5673373 1.6216446 -6.398492 1.9623911 18.970432 -3.1370937824249268 0.910688042640686
Car 0.0 0 -2.557332992553711 41.83884048461914 190.02552795410156 336.18719482421875 295.7718200683594 3.9247267 1.557492 1.6718969 -6.846317 1.8636327 11.89045 -3.0797555446624756 0.8962275385856628
Car 0.0 0 -2.6291985511779785 365.4844970703125 183.8927459716797 484.49798583984375 228.74826049804688 3.9168942 1.5098357 1.5641991 -6.732707 1.9298065 26.164656 -2.8810553550720215 0.8612915873527527
Car 0.0 0 0.322936087846756 400.6531677246094 181.55567932128906 505.6167297363281 220.96812438964844 4.0405426 1.5906898 1.641128 -6.6533465 1.9727328 30.611036 0.10891366004943848 0.6125152111053467
Car 0.0 0 1.8860516548156738 488.3027038574219 182.78492736816406 540.1620483398438 215.8665313720703 3.6835933 1.5779375 1.6129935 -4.961053 2.1220694 37.547302 1.754684567451477 0.49060502648353577
Car 0.0 0 0.29141974449157715 290.7191467285156 177.92930603027344 425.90826416015625 236.09548950195312 3.4641998 1.64358 1.6576519 -7.443585 1.8011448 21.444838 -0.04267264902591705 0.40732839703559875
