Pedestrian 0.0 0 0.6931800842285156 346.6297302246094 185.4713897705078 381.6838073730469 252.16624450683594 0.5307006 1.617584 0.66155595 -6.195603 1.9407351 18.053091 0.36258673667907715 0.4595664143562317
Car 0.0 0 1.7516138553619385 424.2281799316406 190.46083068847656 503.302734375 249.3191375732422 4.009888 1.4860018 1.6000298 -4.28178 2.0588107 21.438879 1.5544872283935547 0.997779905796051
Car 0.0 0 -1.7435280084609985 649.6923828125 180.70086669921875 726.5181884765625 243.0218048095703 3.6720655 1.5860659 1.5613307 2.1017976 1.8323424 20.722815 -1.6424493789672852 0.9931533336639404
Car 0.0 0 -1.6996464729309082 634.5028076171875 184.84178161621094 693.7642211914062 233.9104461669922 4.2926145 1.5796894 1.6090125 1.8576022 2.0565195 26.485947 -1.629625678062439 0.9877540469169617
Car 0.0 0 -1.9222267866134644 756.1572265625 188.19451904296875 972.556884765625 334.678955078125 3.3303502 1.4803447 1.512822 2.9941463 1.7153482 9.338873 -1.6119695901870728 0.9868322610855103
Car 0.0 0 2.0796523094177246 0.0 199.85719299316406 338.9302673339844 375.0 3.5234447 1.5417163 1.623783 -3.4467955 1.810264 5.353968 1.507659673690796 0.9476238489151001
Car 0.0 0 -1.7464052438735962 689.8279418945312 185.6806640625 791.500732421875 266.1931457519531 3.4983673 1.5278838 1.5976963 2.7256932 1.8439769 16.003609 -1.5777065753936768 0.9382743239402771
Car 0.0 0 -2.228355646133423 888.7371826171875 199.29318237304688 1242.0 375.0 4.0792894 1.4731917 1.6012839 3.0578763 1.693197 3.9510188 -1.5697041749954224 0.8644088506698608
Car 0.0 0 1.7025872468948364 476.7723083496094 183.64218139648438 521.193359375 220.375732421875 3.8355699 1.5866327 1.5931768 -5.246831 2.127765 34.231915 1.5504977703094482 0.5781846642494202
Car 0.0 0 -0.07542203366756439 728.13232421875 175.56878662109375 798.2236328125 199.51966857910156 4.022401 1.4018993 1.6612543 9.163085 1.5702741 43.56501 0.13188743591308594 0.5347297191619873
Car 0.0 0 1.6509038209915161 464.53387451171875 189.46888732910156 512.166748046875 232.2444305419922 3.6648765 1.4271915 1.4972112 -4.605732 2.1027586 27.429556 1.4845443964004517 0.39584964513778687
Car 0.0 0 -1.6547977924346924 629.218505859375 180.83775329589844 672.677001953125 218.31350708007812 3.9098094 1.5634122 1.6440796 1.7705718 1.9499581 32.920387 -1.6010661125183105 0.32263198494911194
