Car 0.0 0 -1.8779155015945435 755.0496826171875 173.74032592773438 992.6624755859375 338.9006652832031 3.5258667 1.5979255 1.6209357 2.861003 1.6112294 8.766745 -1.5624655485153198 0.9937957525253296
Car 0.0 0 -1.7133508920669556 667.81884765625 180.1695098876953 734.2272338867188 232.10557556152344 3.5495987 1.4532942 1.5443546 2.709792 1.6998081 22.484161 -1.5934092998504639 0.993424654006958
Car 0.0 0 0.30966442823410034 305.65283203125 177.123046875 474.8926086425781 234.67547607421875 4.2088447 1.5225879 1.6120278 -6.063658 1.646558 20.050117 0.015984296798706055 0.9933305382728577
Car 0.0 0 3.717902660369873 0.0 188.63241577148438 330.82440185546875 303.1328430175781 4.5527067 1.4121765 1.5983256 -6.479079 1.6471496 9.921972 3.1394193172454834 0.9805380702018738
Car 0.0 0 -1.6577821969985962 628.76708984375 178.9552764892578 653.971923828125 200.2412872314453 3.8045487 1.5612346 1.6228011 2.3750455 2.0512314 55.96554 -1.6153700351715088 0.9243193864822388
Car 0.0 0 -2.7540879249572754 332.20623779296875 175.5803985595703 473.40826416015625 227.1529998779297 3.9481237 1.536534 1.5780169 -6.479955 1.6260595 22.597612 -3.033348560333252 0.9111495614051819
Car 0.0 0 -2.6035683155059814 77.0783462524414 154.81239318847656 350.8249816894531 271.5624084472656 3.8097801 1.8615419 1.6889763 -6.7288365 1.5742317 12.425089 -3.099902629852295 0.8989697098731995
Car 0.0 0 -2.7603585720062256 261.8813171386719 178.76510620117188 440.67144775390625 245.93768310546875 3.7933235 1.5549674 1.6843067 -6.3292747 1.7084867 17.77702 -3.1024012565612793 0.8225546479225159
Car 0.0 0 -2.3554282188415527 0.0 190.6082763671875 255.8616180419922 361.7301940917969 4.1630483 1.477752 1.6390005 -6.166872 1.6864464 7.451242 -3.0467910766601562 0.7924057245254517
Car 0.0 0 0.4942024052143097 354.644775390625 178.6075439453125 486.75006103515625 222.97486877441406 4.125863 1.4317758 1.6382083 -6.5481663 1.6408765 24.894627 0.23699331283569336 0.7669599056243896
Car 0.0 0 0.16457347571849823 436.4374084472656 181.4550018310547 522.040771484375 211.3172149658203 4.0643764 1.4621315 1.6810251 -6.6366158 1.9103197 36.69612 -0.014345883391797543 0.7437516450881958
Car 0.0 0 -0.12713682651519775 716.1560668945312 173.96749877929688 830.5736694335938 217.2572479248047 4.0708838 1.5886362 1.761479 6.120802 1.6332201 27.593079 0.09115242958068848 0.6598131656646729
Car 0.0 0 -2.553043842315674 410.6024475097656 176.99691772460938 514.0189208984375 214.0933074951172 3.981929 1.4584304 1.6797199 -6.2278886 1.6411556 30.231934 -2.7562053203582764 0.6382808089256287
Car 0.0 0 -2.6205008029937744 188.80172729492188 180.67320251464844 388.13214111328125 254.22320556640625 3.4946105 1.4243609 1.5965228 -6.719453 1.5995193 15.152583 -3.0378966331481934 0.5639835596084595
Car 0.0 0 3.304273843765259 455.7029113769531 175.38714599609375 524.953369140625 206.31881713867188 3.4965312 1.6419411 1.6591524 -6.5091047 1.783088 39.267193 3.140003204345703 0.4671756625175476
