Car 0.0 0 1.8011474609375 402.9020080566406 188.1804962158203 496.8845520019531 254.1935577392578 3.7728848 1.4354813 1.5169843 -4.0248675 1.8684821 18.466957 1.586553692817688 0.9943146109580994
Car 0.0 0 1.90049409866333 219.64291381835938 194.5613250732422 447.3685302734375 330.8670349121094 4.3230634 1.4601783 1.7346491 -3.7700012 1.8445798 10.590588 1.5585049390792847 0.9934624433517456
Car 0.0 0 -1.0008659362792969 0.0 207.11880493164062 260.1353454589844 348.08636474609375 3.851106 1.4228897 1.5510834 -6.669409 1.9974556 10.154633 -1.581995964050293 0.9856902956962585
Car 0.0 0 -1.6014567613601685 646.176025390625 175.24212646484375 685.5708618164062 211.31185913085938 3.8601263 1.4841537 1.6060694 2.377221 1.5966322 31.9095 -1.5270953178405762 0.8310507535934448
Car 0.0 0 1.7988725900650024 484.06048583984375 182.32167053222656 522.9392700195312 206.6906280517578 3.807384 1.4871364 1.7181715 -6.9969397 2.136962 47.526154 1.6526997089385986 0.7257104516029358
Car 0.0 0 -0.3959619998931885 769.8960571289062 158.68470764160156 908.7659301757812 208.29788208007812 4.2199373 1.6348836 1.7080415 7.781209 1.1683264 24.818354 -0.09214231371879578 0.6147616505622864
Car 0.0 0 -1.478041410446167 757.271484375 156.68710327148438 806.8563232421875 199.9998321533203 3.9911947 1.6240703 1.5891988 6.977447 1.0182284 29.19741 -1.2434660196304321 0.46438074111938477
Car 0.0 0 2.904006004333496 718.8280639648438 161.844970703125 817.919189453125 195.10919189453125 4.2928176 1.5311215 1.7058308 7.394306 1.024744 34.113415 3.1174604892730713 0.4437567889690399
Car 0.0 0 1.612267255783081 444.07525634765625 184.0076141357422 483.37982177734375 217.10716247558594 4.178385 1.4715445 1.73771 -7.2276106 2.058701 35.75792 1.4128282070159912 0.3657885491847992
Car 0.0 0 1.946847915649414 359.5023193359375 195.5697021484375 449.21929931640625 246.74249267578125 3.9113793 1.4625428 1.5921997 -6.8962717 2.2963226 24.443897 1.6718684434890747 0.34139135479927063
