Car 0.0 0 -1.7152378559112549 668.27490234375 182.3345184326172 741.9676513671875 237.35350036621094 3.8291144 1.3726227 1.5233603 2.5709138 1.6689469 20.592865 -1.5910356044769287 0.9967114925384521
Car 0.0 0 -2.7047054767608643 184.71856689453125 184.036376953125 411.6781311035156 258.0996398925781 3.8548799 1.3637462 1.5667452 -6.154903 1.6001798 14.384215 -3.1090238094329834 0.9934157133102417
Car 0.0 0 1.594706416130066 554.1621704101562 177.3746795654297 580.662841796875 201.2537841796875 3.6728504 1.4007401 1.560748 -2.6479578 1.6940365 44.89027 1.5357873439788818 0.9915452003479004
Car 0.0 0 -1.6886107921600342 651.0614013671875 177.03286743164062 704.5145874023438 216.01589965820312 4.2276893 1.4770709 1.7045125 2.6933498 1.6631721 29.931456 -1.5988686084747314 0.9908686876296997
Car 0.0 0 -1.7038666009902954 632.05078125 173.6730194091797 662.7072143554688 196.6164093017578 4.1318474 1.467631 1.5117344 2.436099 1.5253664 48.42501 -1.6536023616790771 0.9745298624038696
Car 0.0 0 3.7557942867279053 0.0 189.87811279296875 233.44525146484375 338.3273620605469 3.95467 1.4739577 1.5393195 -6.767395 1.6911218 8.277981 3.070462703704834 0.9677267670631409
Car 0.0 0 0.34040749073028564 326.33465576171875 172.5392303466797 471.03131103515625 231.35096740722656 3.875768 1.6939702 1.5475307 -6.3249116 1.6852617 21.661512 0.05631685256958008 0.9584586024284363
Car 0.0 0 0.44142723083496094 380.8021545410156 179.6345672607422 500.6915283203125 221.44839477539062 4.0927906 1.4780676 1.6043606 -6.373081 1.7445863 27.107958 0.21052050590515137 0.872301459312439
Car 0.0 0 0.6569801568984985 454.7069396972656 177.38327026367188 531.887451171875 209.57640075683594 3.6472218 1.5325377 1.5507245 -5.9241447 1.7706925 36.330536 0.49534034729003906 0.5758457779884338
Car 0.0 0 -3.813704013824463 1010.0751342773438 187.63101196289062 1242.0 375.0 4.1535206 1.4591552 1.6429478 5.7840977 1.6019578 5.925491 -3.0403802394866943 0.3896498382091522
