Car 0.0 0 -1.7491745948791504 678.9014282226562 183.66421508789062 768.171142578125 246.01116943359375 3.809887 1.392178 1.6041422 2.7792883 1.7017398 18.706516 -1.6016802787780762 0.9950280785560608
Car 0.0 0 -2.0369458198547363 792.0205688476562 185.0553436279297 1182.805419921875 375.0 3.4284163 1.4981472 1.5805652 2.8678465 1.6372801 6.4537053 -1.6187818050384521 0.9927273988723755
Car 0.0 0 -1.6574302911758423 656.8733520507812 175.79354858398438 703.7390747070312 215.4811248779297 3.7941887 1.5055021 1.5733147 2.776247 1.6340193 29.552372 -1.5637619495391846 0.9856248497962952
Car 0.0 0 -2.541264057159424 0.0 168.33871459960938 308.45428466796875 312.7986145019531 3.9651465 1.7300473 1.6764364 -6.3566914 1.6763301 9.497348 -3.131096124649048 0.9846013784408569
Car 0.0 0 -2.6735928058624268 236.99220275878906 176.34669494628906 436.9306945800781 248.78152465820312 4.202042 1.619122 1.598257 -6.497034 1.7079058 17.244356 -3.0339081287384033 0.9797805547714233
Car 0.0 0 0.2673936188220978 334.5567626953125 171.40823364257812 472.69024658203125 230.739990234375 3.732743 1.7408231 1.741099 -6.270634 1.6987617 22.055956 -0.009603295475244522 0.9646839499473572
Car 0.0 0 -2.340075969696045 0.0 188.9099578857422 209.26528930664062 375.0 4.173841 1.5303022 1.6893395 -6.445654 1.7063245 6.937663 -3.0887277126312256 0.9261729717254639
Car 0.0 0 0.14358645677566528 406.2591247558594 177.16981506347656 502.5360107421875 218.73939514160156 3.6857374 1.6484648 1.6197847 -6.39303 1.8322961 29.737625 -0.06817173212766647 0.8775412440299988
Car 0.0 0 -2.768324851989746 388.304931640625 181.07363891601562 502.32354736328125 224.02584838867188 3.883729 1.5374346 1.637014 -6.24302 1.861792 27.341318 -2.9928126335144043 0.785398542881012
Car 0.0 0 3.51354718208313 93.19683837890625 178.8119659423828 344.0478820800781 280.13690185546875 3.4379377 1.5815877 1.5855764 -6.5889854 1.6922381 12.36516 3.0239529609680176 0.5626261830329895
Car 0.0 0 -1.6738533973693848 643.6946411132812 179.2900848388672 684.949951171875 211.9773406982422 3.5976195 1.4956597 1.6553373 2.5881 1.8294404 35.55349 -1.601186990737915 0.3080524504184723
