Car 0.0 0 1.9891183376312256 236.55384826660156 194.00779724121094 407.4449157714844 286.0869140625 4.271616 1.4987552 1.6546971 -5.7574625 2.0002198 14.915126 1.6207257509231567 0.997596800327301
Car 0.0 0 2.2139410972595215 0.0 203.5499725341797 228.04859924316406 375.0 3.9992356 1.499155 1.6144615 -5.881782 1.9061131 7.539931 1.5514624118804932 0.9959230422973633
Car 0.0 0 -1.7219223976135254 681.8353881835938 180.18873596191406 743.9581909179688 228.71311950683594 3.7756019 1.4881406 1.5260888 3.382634 1.757875 24.59791 -1.585262417793274 0.995917022228241
Car 0.0 0 1.8261820077896118 360.5329895019531 188.1968536376953 449.4634094238281 245.89822387695312 3.7281623 1.439316 1.5768569 -5.862416 1.9235103 20.872625 1.5523701906204224 0.995089590549469
Car 0.0 0 -1.7657185792922974 717.8738403320312 176.91024780273438 841.941650390625 265.7925720214844 4.0374274 1.5472869 1.6689888 3.2552123 1.6421989 14.78032 -1.5489397048950195 0.9935157299041748
Car 0.0 0 -1.9017703533172607 767.8713989257812 188.47755432128906 1020.185302734375 336.6200256347656 4.034971 1.3917578 1.6537637 3.2244034 1.6356874 9.224207 -1.565488576889038 0.9902646541595459
Car 0.0 0 1.851725697517395 440.0849914550781 183.8230743408203 503.1371154785156 224.38316345214844 3.8781745 1.5113299 1.556071 -5.7088056 1.9977744 29.968882 1.663489818572998 0.9709548354148865
Car 0.0 0 2.455493927001953 998.910888671875 159.93862915039062 1242.0 270.51043701171875 4.241738 1.5323238 1.5901538 8.338138 1.3536981 10.857284 3.110401153564453 0.9653602838516235
Car 0.0 0 -1.667409062385559 670.0955200195312 182.89488220214844 717.4458618164062 220.367919921875 3.903968 1.4033139 1.5734205 3.3813574 1.8489945 30.034248 -1.5552977323532104 0.914279043674469
Car 0.0 0 -1.5854299068450928 656.7471923828125 179.49620056152344 687.8441162109375 207.5110626220703 3.9335253 1.3908659 1.5817393 3.2785442 1.7669333 38.793266 -1.5011169910430908 0.9117375016212463
Car 0.0 0 1.563417673110962 504.2479553222656 181.59890747070312 530.5933227539062 206.84742736816406 3.2729468 1.4643905 1.5629346 -5.790062 2.0283148 44.76959 1.4348013401031494 0.5923900604248047
