Car 0.0 0 -1.797888994216919 693.8071899414062 183.60047912597656 844.7776489257812 276.4684753417969 4.466529 1.3377656 1.6443379 2.6255212 1.5679427 13.170575 -1.601120948791504 0.9875834584236145
Car 0.0 0 -0.3157843351364136 779.0873413085938 170.49179077148438 956.6053466796875 233.4913787841797 3.8418064 1.4984514 1.6888641 6.290798 1.4426241 18.04125 0.019722700119018555 0.9640772938728333
Car 0.0 0 0.3360775411128998 187.53952026367188 179.9449005126953 446.14080810546875 256.66790771484375 4.4750834 1.4127424 1.687939 -5.7329807 1.5638344 14.396082 -0.04290378466248512 0.9624218940734863
Car 0.0 0 0.27454110980033875 361.5108642578125 177.00729370117188 475.2659912109375 223.2472686767578 3.441862 1.5104356 1.5656942 -6.497859 1.6566168 24.521229 0.015505552291870117 0.9495287537574768
Car 0.0 0 -2.762732982635498 386.8071594238281 171.81861877441406 509.7952880859375 217.8118896484375 4.1770086 1.651917 1.6854552 -6.0684185 1.6150881 27.073912 -2.98323130607605 0.9277832508087158
Car 0.0 0 -2.456190347671509 0.0 167.474365234375 290.1279602050781 294.15625 4.514686 1.5398854 1.6398331 -6.9721217 1.4748508 9.729736 -3.077956438064575 0.9105098247528076
Car 0.0 0 -2.7429866790771484 430.19970703125 169.9207763671875 527.86962890625 209.7169189453125 3.8715024 1.6795897 1.6845196 -5.7660747 1.5561517 31.6917 -2.9229607582092285 0.8664922118186951
Car 0.0 0 -1.4295574426651 631.3937377929688 173.1409149169922 658.09423828125 193.7701873779297 3.6653554 1.5505337 1.580027 2.7129123 1.5740271 56.23219 -1.381350040435791 0.8609649538993835
Car 0.0 0 2.929701805114746 711.5958862304688 172.6897430419922 808.5008544921875 206.88729858398438 3.9892597 1.491174 1.6355406 6.62311 1.4843692 32.296597 3.1319689750671387 0.835455596446991
Car 0.0 0 -0.1092553436756134 680.4556274414062 172.39479064941406 754.91796875 198.27398681640625 4.109959 1.4678365 1.6560513 6.161785 1.4421489 41.825504 0.03701376914978027 0.7943485379219055
Car 0.0 0 0.9380731582641602 78.05734252929688 157.2498779296875 308.7173767089844 249.09646606445312 3.772882 1.4306233 1.592139 -7.4017596 1.1879278 12.719625 0.4110565185546875 0.45864370465278625
Car 0.0 0 -0.2804182171821594 711.0747680664062 174.69483947753906 824.4810791015625 212.17510986328125 4.2953315 1.4926555 1.5961002 6.4170656 1.571369 29.767447 -0.06809419393539429 0.44301629066467285
Car 0.0 0 -2.900402545928955 450.77227783203125 166.40687561035156 535.2131958007812 199.69090270996094 3.935595 1.6427404 1.7168951 -5.93601 1.3248993 36.622818 -3.0610899925231934 0.4019455909729004
Car 0.0 0 0.7416456937789917 0.0 172.31117248535156 149.11215209960938 337.72064208984375 3.8066852 1.4815875 1.5910319 -7.1543255 1.4770833 7.317087 -0.032505836337804794 0.36494237184524536
