Car 0.0 0 1.8704105615615845 336.80804443359375 186.63601684570312 457.30853271484375 259.9638671875 3.1885562 1.3772042 1.5583402 -4.362876 1.4114933 15.16894 1.5903507471084595 0.989965558052063
Car 0.0 0 1.756582260131836 432.9739074707031 182.12567138671875 499.5887756347656 225.15647888183594 3.9428003 1.403935 1.607729 -4.9532385 1.3042505 25.426489 1.564185619354248 0.9852015376091003
Car 0.0 0 2.136364459991455 24.038978576660156 196.85044860839844 248.9552459716797 287.373046875 3.9183335 1.3448055 1.5496053 -8.359242 1.5903815 13.13936 1.569752812385559 0.9812124371528625
Car 0.0 0 1.74821138381958 485.62493896484375 178.55300903320312 528.8563232421875 209.64666748046875 3.3341289 1.427059 1.5023007 -4.8337665 1.122403 34.683517 1.6097354888916016 0.9809300899505615
Car 0.0 0 1.870289921760559 296.9796447753906 180.61801147460938 380.6238708496094 226.8808135986328 3.4740953 1.3912749 1.5918658 -8.69206 1.2541386 23.393635 1.514541506767273 0.8056362271308899
Car 0.0 0 -1.5760788917541504 576.0090942382812 178.45672607421875 608.4685668945312 208.4097137451172 3.7493842 1.5059837 1.6327235 -0.8642433 1.1672858 38.035862 -1.5987967252731323 0.7758590579032898
Car 0.0 0 -1.0132311582565308 97.65576934814453 170.69009399414062 246.30140686035156 237.30909729003906 4.2663417 1.7205638 1.6397578 -12.381797 1.3465433 20.710196 -1.5520756244659424 0.717481255531311
Car 0.0 0 1.7495534420013428 380.6299743652344 179.18878173828125 433.0330810546875 215.26856994628906 3.790337 1.5341345 1.6353022 -9.054945 1.2789978 32.52517 1.478030800819397 0.6545758247375488
Car 0.0 0 1.958634853363037 371.04541015625 166.21669006347656 414.96356201171875 186.45025634765625 4.407315 1.5043072 1.7236235 -16.59845 0.092916936 55.71871 1.6691083908081055 0.42401716113090515
Car 0.0 0 2.3038222789764404 0.0 215.7769775390625 255.1746063232422 376.0 3.6111448 1.2886493 1.6187546 -4.0277634 1.5627699 4.6007433 1.5847322940826416 0.3525700569152832
