Car 0.0 0 1.7816603183746338 498.4908447265625 180.83804321289062 553.4655151367188 222.0926971435547 3.822512 1.6304394 1.6003708 -3.6115124 1.9986119 31.25847 1.6666332483291626 0.9969261288642883
Car 0.0 0 -1.8044387102127075 753.2576293945312 184.34442138671875 878.3134765625 266.0814514160156 4.196731 1.436824 1.5838094 4.1582427 1.7162268 15.398545 -1.540688395500183 0.9939186573028564
Car 0.0 0 -1.7806954383850098 726.0794067382812 178.0793914794922 806.4613037109375 237.8824920654297 3.4705849 1.576834 1.5833877 4.4190187 1.7423391 21.063519 -1.573899745941162 0.9917091727256775
Car 0.0 0 -1.6878035068511963 711.5955200195312 180.65809631347656 768.6646728515625 226.22909545898438 3.8790052 1.483297 1.5740905 4.593069 1.787866 26.142357 -1.5138840675354004 0.9893933534622192
Car 0.0 0 -1.970157504081726 812.9437255859375 151.4839630126953 1131.911376953125 355.6045227050781 4.550265 1.8861275 1.7262481 3.938044 1.6890206 8.95232 -1.5557420253753662 0.9605934619903564
Car 0.0 0 -1.6721190214157104 701.9990844726562 176.67173767089844 747.5011596679688 212.57847595214844 3.7943583 1.4577905 1.5813951 4.9306746 1.6358188 31.639627 -1.5175238847732544 0.9416086673736572
Car 0.0 0 2.209883213043213 0.0 197.5968475341797 197.50387573242188 375.0 3.5459082 1.5413133 1.5266981 -4.5429363 1.7758663 4.9865427 1.4710023403167725 0.9149161577224731
Car 0.0 0 -1.6949684619903564 689.8483276367188 176.8167724609375 731.5419921875 208.50990295410156 3.7593067 1.5050335 1.6321194 5.0193205 1.7169225 36.62323 -1.558764100074768 0.7453547120094299
Car 0.0 0 1.6638422012329102 528.3521728515625 177.74545288085938 565.3404541015625 211.3825225830078 3.7277007 1.6235656 1.5633907 -3.2488134 1.8890381 37.235775 1.576812744140625 0.6718121767044067
Car 0.0 0 1.7205746173858643 575.4730834960938 178.0303955078125 603.1122436523438 197.27320861816406 3.9571671 1.4671499 1.6576662 -1.6585412 1.8997631 58.18512 1.6920777559280396 0.5624024868011475
