Car 0.0 0 -1.7337110042572021 666.9391479492188 176.5113525390625 737.0537109375 226.38401794433594 3.8524976 1.4230683 1.5736645 2.7734272 1.549086 22.83035 -1.612823486328125 0.9970048069953918
Car 0.0 0 -2.7402396202087402 307.3450012207031 172.2701416015625 471.94476318359375 230.1711883544922 4.335704 1.6196613 1.6413866 -6.463018 1.6036869 21.225761 -3.0358099937438965 0.9906491637229919
Car 0.0 0 3.371670961380005 382.3146667480469 170.21160888671875 496.6891784667969 218.61512756347656 3.7384303 1.6931711 1.6857096 -6.140696 1.6010973 26.081882 3.1404428482055664 0.9890196919441223
Car 0.0 0 -2.0923964977264404 829.4197387695312 188.64743041992188 1242.0 375.0 3.582789 1.4755657 1.5998312 2.8769572 1.6282511 5.1551623 -1.5833762884140015 0.98723965883255
Car 0.0 0 -1.8193340301513672 739.4383544921875 180.25975036621094 918.7239990234375 306.5796203613281 3.6183598 1.4944551 1.5963686 2.9311216 1.622114 10.5739 -1.5489205121994019 0.9848455190658569
Car 0.0 0 -1.5881470441818237 652.2323608398438 172.09793090820312 689.19775390625 208.18325805664062 3.8401606 1.582396 1.6181873 2.7482703 1.5495995 33.60585 -1.5065491199493408 0.9821950793266296
Car 0.0 0 -2.6665756702423096 143.83978271484375 164.19085693359375 402.1263122558594 263.08111572265625 4.0771766 1.7329807 1.7146934 -6.261155 1.5815234 13.586235 -3.098412036895752 0.9498358964920044
Car 0.0 0 -2.3514270782470703 54.128509521484375 181.2449493408203 367.56683349609375 293.56103515625 4.2836766 1.4759903 1.7002671 -6.1526337 1.6220319 11.107782 -2.857261896133423 0.9044989347457886
Car 0.0 0 -2.757354497909546 419.9998474121094 173.20498657226562 516.6158447265625 209.99288940429688 3.773219 1.533505 1.6244653 -6.148564 1.5496266 31.250448 -2.9516243934631348 0.8371104598045349
Car 0.0 0 0.18216361105442047 430.8744201660156 170.64576721191406 521.4365234375 205.0031280517578 3.925795 1.5670938 1.6861944 -6.247789 1.4667307 33.75254 -0.0008703849744051695 0.7613933086395264
Car 0.0 0 -2.3916382789611816 0.0 189.65399169921875 241.79336547851562 375.0 4.01789 1.5517467 1.648398 -5.8834805 1.7279125 6.6696415 -3.1144914627075195 0.3710683286190033
