Car 0.0 0 1.7898097038269043 350.3170471191406 187.3243408203125 505.7438659667969 297.3626403808594 3.7901506 1.4250524 1.63214 -2.8114629 1.6993903 11.751037 1.5549718141555786 0.9982996582984924
Car 0.0 0 -1.6677327156066895 648.0189819335938 175.27035522460938 692.3980712890625 212.8826141357422 3.9631553 1.5748308 1.5996082 2.6082304 1.6905806 32.459133 -1.5875507593154907 0.9968351721763611
Car 0.0 0 1.696696162223816 486.39447021484375 179.8909912109375 554.7849731445312 234.8573760986328 4.059509 1.5353706 1.6335257 -2.7639816 1.7770375 22.70622 1.5755641460418701 0.9963849782943726
Car 0.0 0 -1.9429429769515991 726.1673583984375 183.3458251953125 960.2574462890625 337.5833435058594 3.5063772 1.5232556 1.5835217 2.6452658 1.6837114 9.189 -1.6626485586166382 0.9948787689208984
Car 0.0 0 -1.8111622333526611 696.4671630859375 170.08493041992188 833.2669067382812 272.0490417480469 3.8227463 1.6994864 1.6744804 2.7703073 1.6536907 13.970283 -1.6154018640518188 0.9881684184074402
Car 0.0 0 1.6319149732589722 555.8646850585938 175.47950744628906 582.3741455078125 198.4982452392578 3.7506266 1.5014576 1.5868478 -2.7926002 1.6883047 49.369045 1.5754094123840332 0.9706791043281555
Car 0.0 0 -2.225081205368042 857.17919921875 203.30703735351562 1242.0 375.0 3.949337 1.4765456 1.6222544 2.8113232 1.7253767 3.8876896 -1.5989967584609985 0.7059561014175415
Car 0.0 0 -1.5200303792953491 627.3035888671875 172.00515747070312 647.0381469726562 189.63111877441406 3.9233613 1.5439508 1.5876688 2.4620156 1.4699535 65.22471 -1.4823015928268433 0.6061000823974609
Car 0.0 0 1.7870665788650513 407.2794494628906 176.04342651367188 472.6336669921875 225.14096069335938 3.5603597 1.6067158 1.5295886 -6.004578 1.728306 25.63279 1.5569618940353394 0.48906925320625305
Car 0.0 0 1.8947784900665283 331.083251953125 175.13876342773438 432.0463562011719 242.71124267578125 3.9775515 1.6539246 1.4386538 -6.178258 1.723324 19.797098 1.5922772884368896 0.4306817054748535
