Cyclist 0.0 0 1.6562212705612183 514.1127319335938 174.33653259277344 531.761474609375 219.21731567382812 1.6710879 1.6214838 0.51719904 -3.2871237 1.678988 26.96552 1.5349187850952148 0.8054253458976746
Car 0.0 0 -0.467418372631073 793.732666015625 178.59828186035156 1008.0326538085938 250.85427856445312 4.0388627 1.4477023 1.5039061 6.130095 1.5791968 15.535734 -0.09159284085035324 0.9934787750244141
Car 0.0 0 -3.7883687019348145 976.9658813476562 185.59307861328125 1242.0 347.015625 4.032976 1.471151 1.5991871 6.2392464 1.621195 7.5938435 -3.100583791732788 0.992417573928833
Car 0.0 0 -3.649160146713257 870.6477661132812 181.98805236816406 1229.86474609375 296.23724365234375 4.196495 1.4921108 1.5542625 6.0739985 1.6342697 10.3755 -3.1195321083068848 0.9888633489608765
Car 0.0 0 -1.7279530763626099 632.0977783203125 177.1685791015625 679.5285034179688 213.17324829101562 3.7092063 1.5683898 1.646422 2.0499444 1.7824795 33.814777 -1.6674044132232666 0.9878273606300354
Car 0.0 0 -2.6481969356536865 149.24302673339844 178.82574462890625 388.0450744628906 258.81646728515625 3.9945333 1.4758416 1.6725363 -6.7433167 1.6031978 14.396376 -3.086249589920044 0.985996425151825
Car 0.0 0 -0.3270178437232971 740.5572509765625 177.31166076660156 925.8963623046875 240.564697265625 4.2148876 1.5250261 1.6291369 5.5507607 1.6445758 18.404272 -0.034092191606760025 0.9840793013572693
Car 0.0 0 3.6930220127105713 0.0 174.28749084472656 299.8685607910156 306.4359130859375 4.224165 1.6357119 1.6039103 -6.748328 1.6574467 9.852626 3.0924839973449707 0.9781142473220825
Car 0.0 0 -3.60650897026062 853.7557983398438 180.08566284179688 1114.4056396484375 268.79998779296875 3.867466 1.4728496 1.490198 6.4748034 1.6095021 12.847217 -3.139678478240967 0.9738871455192566
Car 0.0 0 0.35330185294151306 211.9568634033203 173.75741577148438 407.5057678222656 254.63671875 3.9032986 1.7936246 1.652523 -6.969031 1.816293 16.91733 -0.037460409104824066 0.9515493512153625
Car 0.0 0 3.8680198192596436 0.0 184.1002960205078 218.0640106201172 366.2763671875 4.0654325 1.5997213 1.7162462 -6.522891 1.727411 7.3031993 3.1389992237091064 0.9458550810813904
Car 0.0 0 2.864175796508789 739.4646606445312 171.75852966308594 897.0689086914062 235.40377807617188 4.0347285 1.7500527 1.6596146 5.830399 1.7202889 20.67225 3.1390750408172607 0.8925938606262207
Car 0.0 0 -2.828652858734131 382.44635009765625 173.09539794921875 492.0760192871094 213.40762329101562 3.8270297 1.5149367 1.665399 -6.7198725 1.5250258 28.104141 -3.063352584838867 0.8902750611305237
Car 0.0 0 -1.7258914709091187 620.406982421875 177.08660888671875 651.88134765625 201.30560302734375 3.6799123 1.5635715 1.5875486 1.7142577 1.8636729 49.17315 -1.6910439729690552 0.8182743787765503
Car 0.0 0 -2.8591365814208984 405.1219482421875 175.01397705078125 498.9645690917969 215.26239013671875 3.6089163 1.6533854 1.5233518 -6.701848 1.7480296 30.612854 -3.0746591091156006 0.641110897064209
