Car 0.0 0 -2.07346248626709 856.556884765625 186.8248291015625 1242.0 375.0 3.8054748 1.499572 1.5827314 3.1273375 1.6391222 5.25749 -1.5368497371673584 0.978733479976654
Car 0.0 0 -0.15538755059242249 800.4452514648438 181.27105712890625 977.3603515625 239.8962860107422 4.144574 1.419956 1.5776656 7.1544805 1.6560227 19.009596 0.2045762538909912 0.9630885124206543
Car 0.0 0 -1.761979341506958 658.11328125 178.88339233398438 721.9579467773438 221.29806518554688 4.1299434 1.4343878 1.6103919 2.8782938 1.6792341 27.129026 -1.6562782526016235 0.9622724056243896
Car 0.0 0 2.2503468990325928 0.0 210.95925903320312 290.2146911621094 375.0 3.5293918 1.4775838 1.5418166 -3.705797 1.8195674 4.692889 1.5819413661956787 0.8981702923774719
Car 0.0 0 1.4914751052856445 598.3802490234375 179.2174835205078 631.1664428710938 206.1884307861328 3.3647804 1.4534274 1.6139153 0.20285755 1.8345876 41.437656 1.496370553970337 0.7660921812057495
Car 0.0 0 -3.6862313747406006 978.0240478515625 170.67987060546875 1189.0804443359375 226.9331817626953 4.2601175 1.3517991 1.5580231 11.760293 1.2999114 18.177908 -3.11199951171875 0.6062746644020081
Car 0.0 0 -0.6638679504394531 541.2230834960938 178.75975036621094 591.7377319335938 197.659912109375 3.7819178 1.4059012 1.5953678 -3.4208686 1.8853153 56.675896 -0.7241532802581787 0.5165159106254578
Car 0.0 0 -1.5585910081863403 627.8319091796875 176.57908630371094 650.039794921875 198.02601623535156 3.7680957 1.5185367 1.5930432 2.1466467 1.8059509 53.676308 -1.5186198949813843 0.48638916015625
Car 0.0 0 -0.048206791281700134 530.5393676757812 181.11911010742188 587.8756103515625 203.33090209960938 3.9528522 1.5085192 1.6360514 -3.629953 2.1031404 50.82828 -0.1195017546415329 0.36907681822776794
Car 0.0 0 1.5602699518203735 670.947509765625 173.23004150390625 692.6868896484375 192.67913818359375 4.0432715 1.4751337 1.6453383 5.612112 1.5062294 56.8896 1.658600926399231 0.33726823329925537
