Car 0.0 0 1.7952674627304077 360.73919677734375 182.86021423339844 502.167236328125 278.1405334472656 4.08824 1.4291254 1.6263618 -3.1427362 1.6424042 13.300548 1.563236951828003 0.9973580241203308
Car 0.0 0 1.640068769454956 503.0005798339844 173.43162536621094 554.4722900390625 219.57127380371094 3.9392576 1.5478868 1.5909953 -2.9296806 1.570867 26.254597 1.5289411544799805 0.9959208965301514
Car 0.0 0 1.9178168773651123 184.7428741455078 189.39466857910156 459.8970947265625 369.3909912109375 3.6979337 1.4389261 1.5616678 -2.8749914 1.6640829 7.9543324 1.5709896087646484 0.9956212639808655
Car 0.0 0 -1.7821094989776611 702.1231079101562 174.81072998046875 839.9618530273438 271.34857177734375 3.9208646 1.5117239 1.6410831 2.7405086 1.5536107 13.3433895 -1.579543113708496 0.9953346848487854
Car 0.0 0 -1.7464945316314697 677.7174682617188 177.23216247558594 763.5767822265625 240.48963928222656 3.3933942 1.4665333 1.603926 2.717782 1.5907224 18.684204 -1.6020487546920776 0.9846287965774536
Car 0.0 0 -1.7366485595703125 657.8923950195312 170.67477416992188 724.0611572265625 221.52072143554688 3.4168127 1.5553179 1.6116136 2.5524094 1.4890159 23.82127 -1.629907488822937 0.9768373966217041
Car 0.0 0 -1.6506786346435547 631.6398315429688 164.2799072265625 663.270263671875 191.24606323242188 4.1299095 1.6814616 1.7282254 2.3681917 1.1471862 47.078026 -1.6004174947738647 0.9014390707015991
Car 0.0 0 -1.653887152671814 653.302734375 161.033935546875 703.774169921875 208.93258666992188 3.8757813 1.7540303 1.6426356 2.5840075 1.3215421 28.363895 -1.5630359649658203 0.9006199836730957
Car 0.0 0 1.5477389097213745 536.3355102539062 172.4953155517578 569.8796997070312 203.196044921875 3.7618 1.4863837 1.6132001 -2.9874244 1.4693763 36.885086 1.4669225215911865 0.5297468900680542
Car 0.0 0 1.9391722679138184 306.36602783203125 159.4363250732422 398.31402587890625 214.80152893066406 4.047706 1.7396941 1.6097908 -8.744102 1.3184397 24.715364 1.5991231203079224 0.3428025245666504
