Car 0.0 0 -1.7961243391036987 711.9022216796875 186.4745635986328 842.5812377929688 280.4419860839844 3.5765412 1.459383 1.5784992 2.9223278 1.7489997 13.522494 -1.5832887887954712 0.9925041198730469
Car 0.0 0 -1.921471357345581 768.710205078125 196.2638397216797 1039.9619140625 371.2543640136719 3.6042542 1.4109826 1.5592436 2.9144804 1.732992 8.104826 -1.5762715339660645 0.9882297515869141
Car 0.0 0 -1.722663164138794 662.0060424804688 185.3234100341797 721.4004516601562 231.32972717285156 3.8136187 1.46321 1.5438741 2.8160412 1.9453223 25.935074 -1.614506483078003 0.9876185655593872
Car 0.0 0 0.1892644166946411 402.9841003417969 180.15216064453125 507.3736267089844 222.56271362304688 3.874682 1.6396168 1.599314 -6.2093496 1.94207 29.022943 -0.021504325792193413 0.9842531085014343
Car 0.0 0 3.4880785942077637 216.7437744140625 185.52503967285156 436.2471618652344 259.4544982910156 4.3730965 1.5716199 1.6719946 -6.409705 1.8778411 16.527172 3.1181089878082275 0.9798048734664917
Car 0.0 0 0.26901939511299133 354.5072021484375 186.85867309570312 483.1475524902344 236.9877471923828 3.9085476 1.5990862 1.5586137 -6.406337 2.08594 24.261608 0.010859251022338867 0.9700455665588379
Car 0.0 0 -1.6022897958755493 649.743408203125 183.81112670898438 683.9660034179688 217.5052947998047 3.7062914 1.5544773 1.5948313 2.7860215 2.1362925 36.399723 -1.525899052619934 0.9519649147987366
Car 0.0 0 -2.5339913368225098 0.0 174.85955810546875 337.9427795410156 319.8666076660156 4.0953007 1.712268 1.730654 -6.0111313 1.7416794 9.496799 -3.098297119140625 0.8657914400100708
Car 0.0 0 -2.4966230392456055 192.26718139648438 193.1260986328125 408.9134826660156 278.1871032714844 3.6237369 1.4444726 1.6403166 -6.027784 1.8744872 14.062511 -2.9015743732452393 0.5745564699172974
Car 0.0 0 3.196815013885498 499.42401123046875 189.21575927734375 554.3665771484375 214.89320373535156 3.3822944 1.5565442 1.6343803 -5.274711 2.6167622 45.819923 3.0822012424468994 0.5026413798332214
Car 0.0 0 -2.6242871284484863 74.84827423095703 179.57923889160156 357.944580078125 294.9154052734375 3.7337804 1.7301962 1.6675195 -6.3382387 1.8487875 11.803057 -3.1170945167541504 0.34981223940849304
Car 0.0 0 -2.241743326187134 0.0 177.26974487304688 256.0506286621094 360.5496520996094 3.9808178 1.5801991 1.7429732 -6.104317 1.6347561 7.5668316 -2.9205687046051025 0.31388184428215027
