Pedestrian 0.0 0 1.6799395084381104 709.4815063476562 162.33082580566406 739.5050659179688 222.77029418945312 0.78049815 1.6017714 0.7263246 3.0671241 1.3232433 19.591105 1.835235834121704 0.347331166267395
Car 0.0 0 2.0708887577056885 0.0 198.74465942382812 405.50042724609375 375.0 4.1281395 1.486882 1.6493667 -3.1640851 1.7744606 5.92956 1.5807143449783325 0.997183084487915
Car 0.0 0 1.708115816116333 457.1971435546875 182.0244598388672 539.240234375 244.77487182617188 3.9248848 1.4360522 1.6102421 -2.8891425 1.7037547 19.059217 1.557673454284668 0.9960072636604309
Car 0.0 0 -2.025463342666626 779.344482421875 186.93310546875 1242.0 375.0 4.043699 1.4588566 1.6626933 2.7102408 1.6160097 5.987267 -1.6003934144973755 0.9943829774856567
Car 0.0 0 -1.8041731119155884 675.7083129882812 179.14462280273438 779.7423095703125 255.6602325439453 3.532411 1.5188619 1.5314711 2.5110192 1.6784894 16.442657 -1.6526302099227905 0.9932758808135986
Car 0.0 0 1.649915099143982 511.74853515625 175.35475158691406 558.8565063476562 216.47972106933594 3.8285203 1.5676163 1.6291723 -3.0504026 1.6775113 29.66889 1.5474601984024048 0.9927309155464172
Car 0.0 0 -1.846109390258789 719.8706665039062 181.6113739013672 887.4537963867188 294.7135314941406 3.5935717 1.4511293 1.5647882 2.7913556 1.6115143 11.359613 -1.6051570177078247 0.9921973347663879
Car 0.0 0 -1.6276776790618896 636.4769287109375 170.8281707763672 670.94677734375 201.35589599609375 4.1406527 1.6004137 1.6587628 2.3321261 1.4945678 39.895397 -1.5692881345748901 0.9835261702537537
Car 0.0 0 -1.6896823644638062 666.5584106445312 162.53746032714844 737.1555786132812 228.6370849609375 3.5649307 1.7817494 1.6266392 2.5689895 1.5040195 21.230383 -1.5692625045776367 0.9765698313713074
Car 0.0 0 1.6546639204025269 557.125732421875 172.32298278808594 581.41748046875 192.60122680664062 3.8675065 1.5340544 1.5839514 -3.1846058 1.49424 56.536674 1.5983952283859253 0.8343532681465149
