Cyclist 0.0 0 1.389936923980713 561.0857543945312 176.86422729492188 574.5088500976562 205.3258514404297 1.5568895 1.7336738 0.56289464 -2.6711595 1.9887435 45.003063 1.3306514024734497 0.3233018219470978
Car 0.0 0 -1.808387041091919 715.0813598632812 186.4098358154297 863.715087890625 286.8640441894531 3.7103221 1.4197558 1.6239836 2.8820713 1.6912303 12.563152 -1.582882285118103 0.9948909282684326
Car 0.0 0 3.2292187213897705 464.60687255859375 175.35166931152344 534.1948852539062 204.63458251953125 3.7575457 1.6094648 1.6254088 -6.2360168 1.754101 40.74541 3.0773489475250244 0.991450846195221
Car 0.0 0 -1.6342226266860962 638.8019409179688 179.50491333007812 667.4007568359375 203.29063415527344 4.0911903 1.4279433 1.5755334 2.706546 1.8759322 46.5098 -1.5760951042175293 0.9879953265190125
Car 0.0 0 -2.7100670337677 180.75686645507812 173.89418029785156 429.5124816894531 251.9303741455078 4.5626726 1.5418106 1.614398 -6.3344545 1.565316 15.165291 -3.1057333946228027 0.9831486940383911
Car 0.0 0 -2.7451629638671875 296.95648193359375 178.63246154785156 461.2561340332031 233.79861450195312 4.0188956 1.4406587 1.6689227 -6.392811 1.609751 20.058891 -3.0536880493164062 0.974003255367279
Car 0.0 0 0.556165874004364 11.317370414733887 187.31423950195312 367.6420593261719 303.6489562988281 4.1330843 1.4632485 1.5721275 -5.7957387 1.6843598 10.149782 0.03732705116271973 0.9670770168304443
Car 0.0 0 3.4111602306365967 332.8597717285156 180.9671173095703 466.8486328125 232.71243286132812 3.706282 1.5272201 1.5432322 -6.478859 1.7877153 22.33733 3.1288602352142334 0.9653882384300232
Car 0.0 0 -2.667905807495117 250.81997680664062 177.6295623779297 421.5779724121094 244.12985229492188 3.582487 1.5236979 1.578175 -6.680598 1.6474409 17.65521 -3.0296473503112793 0.9465954899787903
Car 0.0 0 3.348048210144043 376.9087219238281 179.2206573486328 488.5887145996094 223.7234344482422 3.7963705 1.5933114 1.6594229 -6.602428 1.8396245 26.978544 3.108036756515503 0.9387565851211548
Car 0.0 0 2.800619125366211 708.6279907226562 177.45399475097656 830.5442504882812 218.63905334472656 4.304856 1.5188131 1.6502354 6.091011 1.7042553 27.939106 3.015270709991455 0.9272566437721252
Car 0.0 0 -2.5669524669647217 132.83743286132812 177.74490356445312 376.6847229003906 266.9813537597656 3.5925872 1.4373293 1.5473107 -6.2171545 1.5305161 12.709352 -3.0219063758850098 0.898187518119812
Car 0.0 0 0.6657392382621765 0.0 187.6408233642578 259.8892517089844 332.4356384277344 3.5691402 1.4002634 1.6265701 -6.107002 1.5813717 7.981427 0.01261138916015625 0.8961560726165771
Car 0.0 0 3.335543155670166 395.2095642089844 179.5435333251953 496.059326171875 220.93031311035156 3.7758288 1.6258051 1.6396283 -6.701246 1.9077965 29.499424 3.112168788909912 0.8645380735397339
Car 0.0 0 -3.4101688861846924 782.8500366210938 173.39739990234375 964.6577758789062 238.8128204345703 3.8654284 1.5129412 1.7193402 6.2964287 1.5273843 17.700415 -3.0684056282043457 0.8208235502243042
Car 0.0 0 2.9239585399627686 699.2752685546875 179.6403350830078 804.609375 216.12667846679688 4.161794 1.4999119 1.6390257 5.9742317 1.7987503 30.858173 3.1151955127716064 0.7489001154899597
Car 0.0 0 2.944077253341675 699.9769287109375 170.88311767578125 795.2327270507812 212.70826721191406 4.0440755 1.8711165 1.6770287 6.227037 1.783304 33.138683 3.129819631576538 0.5110839009284973
Car 0.0 0 -0.27146226167678833 750.96044921875 178.69725036621094 895.9679565429688 229.66384887695312 4.1306815 1.5460705 1.6090233 6.6472974 1.738618 22.901999 0.011025428771972656 0.4970413148403168
