Car 0.0 0 2.7351291179656982 770.5702514648438 184.50660705566406 993.5382080078125 259.5130615234375 4.216854 1.499127 1.6541636 5.742639 1.767511 15.652233 3.0867702960968018 0.9967142343521118
Car 0.0 0 0.26697462797164917 348.4128112792969 179.74012756347656 474.8870849609375 227.66824340820312 3.7262197 1.5103962 1.6090883 -6.5104685 1.7453392 23.772186 -0.000339926453307271 0.9864208698272705
Car 0.0 0 0.49326449632644653 0.0 165.71253967285156 331.83074951171875 299.0231628417969 4.151108 1.7440277 1.6794693 -6.4570727 1.6509578 10.403843 -0.062195613980293274 0.9819007515907288
Car 0.0 0 -2.708226442337036 190.34390258789062 178.31314086914062 416.49334716796875 257.291259765625 4.153942 1.5820619 1.6619991 -6.5101166 1.7063957 15.479479 -3.1063339710235596 0.95624840259552
Car 0.0 0 0.685612678527832 0.0 194.15792846679688 294.6908874511719 347.9808349609375 3.9455247 1.4235427 1.6590613 -5.8187757 1.6831187 7.853513 0.04795217514038086 0.9561803936958313
Car 0.0 0 -1.6556986570358276 639.9459838867188 180.37391662597656 685.5169677734375 217.141845703125 3.5316136 1.4039431 1.5864993 2.099677 1.736072 30.05313 -1.5859464406967163 0.9474248886108398
Car 0.0 0 -2.8374252319335938 378.8059997558594 172.76658630371094 498.7167053222656 218.83792114257812 4.0324144 1.6415579 1.5245737 -6.3083186 1.638801 26.610388 -3.070190668106079 0.846096932888031
Car 0.0 0 -1.5840773582458496 637.5062866210938 178.5290985107422 669.5076904296875 208.47488403320312 3.725494 1.5209882 1.6561016 2.3019047 1.8451133 39.262997 -1.5255165100097656 0.8268765211105347
Car 0.0 0 0.32936590909957886 398.86798095703125 174.5679168701172 494.56915283203125 213.78077697753906 3.7131944 1.6325445 1.5818214 -7.041884 1.7091379 31.107197 0.10674333572387695 0.8266723155975342
Car 0.0 0 1.6065919399261475 554.362548828125 177.3104705810547 576.0826416015625 197.3402557373047 3.8127465 1.4286 1.4964789 -3.3640807 1.7758822 54.24201 1.5446513891220093 0.7248628735542297
Car 0.0 0 -2.5523250102996826 121.93061828613281 183.9130096435547 377.72467041015625 276.4441223144531 3.856228 1.4935302 1.6311495 -6.4198623 1.7086661 12.95323 -3.0124614238739014 0.700279176235199
Car 0.0 0 0.7273949384689331 282.6278076171875 178.80821228027344 430.75469970703125 239.4555206298828 3.5289273 1.4398105 1.4958459 -6.6303983 1.6061624 18.753267 0.38755249977111816 0.5997298955917358
Car 0.0 0 -1.6534672975540161 618.2467041015625 173.7498016357422 641.6395874023438 192.6699676513672 3.9531243 1.4586768 1.5471857 1.5427527 1.533341 57.83294 -1.6267975568771362 0.5084726214408875
Car 0.0 0 -2.866642951965332 436.93646240234375 180.67564392089844 526.6170043945312 210.58128356933594 4.1662784 1.4444731 1.6457446 -6.4702444 1.8506556 36.409256 -3.042515754699707 0.3077775239944458
Car 0.0 0 -2.9951658248901367 500.8992004394531 174.64614868164062 549.0423583984375 193.0380859375 3.8666031 1.5343202 1.5872393 -7.2109494 1.6888167 61.20565 -3.112440347671509 0.3054307699203491
