Car 0.0 0 1.804409384727478 407.4000549316406 184.05137634277344 490.9776611328125 236.49041748046875 3.3652887 1.3837417 1.6065149 -4.5054884 1.3541495 20.662657 1.5897200107574463 0.9885678291320801
Car 0.0 0 1.7056047916412354 463.0677185058594 181.20164489746094 514.1709594726562 215.8978271484375 4.002807 1.3920289 1.6404694 -5.0790534 1.2321146 30.86091 1.5424882173538208 0.9676374793052673
Car 0.0 0 2.256474494934082 0.0 190.05613708496094 146.2725067138672 327.2230224609375 3.984538 1.4706372 1.4977773 -8.3760395 1.551635 9.851148 1.55182945728302 0.9389957785606384
Car 0.0 0 1.9550893306732178 134.20895385742188 195.69705200195312 395.2353210449219 338.67431640625 3.852551 1.4108572 1.6611232 -4.1518598 1.5765642 9.329825 1.536393404006958 0.9140540957450867
Car 0.0 0 1.6631805896759033 503.05322265625 180.31683349609375 537.1318359375 207.25076293945312 3.316565 1.4351815 1.5841779 -4.8648686 1.1752758 39.98098 1.5420962572097778 0.9055777788162231
Car 0.0 0 1.7931666374206543 360.5543518066406 181.1205596923828 421.93353271484375 219.1077880859375 3.723448 1.438314 1.5981709 -8.729249 1.2843912 29.126602 1.50198495388031 0.8991944789886475
Car 0.0 0 -1.561729907989502 577.2398681640625 179.71087646484375 609.0064086914062 207.32546997070312 3.4213834 1.4343803 1.6502059 -0.81072664 1.1495757 39.05584 -1.5824850797653198 0.8852545022964478
Car 0.0 0 1.9589405059814453 346.4039001464844 177.7783660888672 403.845947265625 207.97315979003906 3.8840299 1.5497538 1.6060609 -12.540804 1.1691631 38.889168 1.646993637084961 0.7627040147781372
Car 0.0 0 2.15328311920166 184.8433074951172 193.166015625 330.8603210449219 253.4346466064453 3.6577241 1.2866349 1.4624072 -8.517305 1.5053325 17.757473 1.7060506343841553 0.6545699238777161
Car 0.0 0 1.9589166641235352 220.2671356201172 174.47100830078125 312.1319580078125 222.2301788330078 3.959852 1.603268 1.6362597 -12.336265 1.2437019 26.14837 1.518099308013916 0.4875926375389099
