Car 0.0 0 -1.7372477054595947 690.9547729492188 184.60964965820312 773.465087890625 246.9506072998047 3.4933896 1.4335034 1.5592593 3.0708735 1.7720126 19.000772 -1.5770149230957031 0.9941015839576721
Car 0.0 0 -2.111396551132202 847.1766357421875 185.12823486328125 1242.0 375.0 3.7459261 1.5278839 1.6576086 3.1592503 1.6512312 5.348392 -1.5778496265411377 0.9926825165748596
Car 0.0 0 0.3178703784942627 280.8118591308594 177.3730926513672 465.5149230957031 243.0616455078125 4.2594166 1.6173357 1.590954 -6.078301 1.7397007 18.675121 0.003208160400390625 0.9840085506439209
Car 0.0 0 -2.639141798019409 165.6879425048828 186.227294921875 401.86572265625 271.66265869140625 3.8555248 1.4944624 1.5660838 -6.2112546 1.7688823 13.847786 -3.060779094696045 0.9787067174911499
Car 0.0 0 0.4916875958442688 0.0 192.23806762695312 279.17950439453125 331.58575439453125 3.6414309 1.5290841 1.6181078 -6.460872 1.8046036 9.219188 -0.11957985907793045 0.9668322801589966
Car 0.0 0 0.25484827160835266 359.6962585449219 182.98020935058594 479.6897888183594 233.51011657714844 3.4740996 1.5646844 1.6636797 -6.177654 1.9067565 23.510399 -0.0021057070698589087 0.9514229893684387
Car 0.0 0 -3.3755781650543213 746.287353515625 182.59483337402344 857.2369995117188 227.0288848876953 3.6146328 1.5388914 1.6171465 6.85647 1.9045202 26.206158 -3.119678497314453 0.9503756761550903
Car 0.0 0 0.41865918040275574 59.7368049621582 185.53054809570312 368.895751953125 292.36053466796875 4.004801 1.5233331 1.5872716 -6.1304336 1.7413082 11.446158 -0.07305244356393814 0.9115408658981323
Car 0.0 0 0.11006574332714081 469.4120178222656 181.67433166503906 537.1544189453125 209.9009552001953 3.785015 1.6032932 1.6156734 -6.2650704 2.1327815 42.405582 -0.03661482408642769 0.8479255437850952
Car 0.0 0 -2.9861748218536377 482.83319091796875 180.78366088867188 546.6482543945312 207.22695922851562 3.9606977 1.69197 1.6853943 -6.278865 2.2251463 47.589214 -3.117356061935425 0.7954375743865967
Car 0.0 0 -0.18812201917171478 689.0804443359375 178.7393035888672 795.8348388671875 212.27134704589844 5.1223845 1.652562 1.6312376 6.639918 1.9590518 36.690166 -0.009087086655199528 0.7850201725959778
Car 0.0 0 -2.70129656791687 234.1465301513672 187.8909454345703 438.85009765625 256.0713806152344 4.0560946 1.4189345 1.6026478 -6.1764517 1.7811214 16.398382 -3.0615131855010986 0.6445441246032715
Car 0.0 0 -3.526787519454956 948.17529296875 171.87501525878906 1034.3680419921875 201.05825805664062 4.1603136 1.6665926 1.6009264 22.209435 1.611043 42.205307 -3.042381763458252 0.4074738025665283
