Car 0.0 0 2.0822856426239014 77.03165435791016 194.12493896484375 324.8282470703125 324.3816223144531 3.7261248 1.4836729 1.5248139 -5.8042016 1.8548454 10.701819 1.5853297710418701 0.9974969029426575
Car 0.0 0 -1.8467615842819214 722.6532592773438 178.2992706298828 859.0556030273438 265.1777648925781 3.916633 1.486727 1.6175652 3.4246905 1.6122351 14.58754 -1.6161693334579468 0.9962803721427917
Car 0.0 0 1.9380879402160645 345.4299011230469 182.74034118652344 457.7524719238281 246.17098999023438 4.0927625 1.5155249 1.6174008 -5.6741023 1.8189703 20.006203 1.6617282629013062 0.9941670894622803
Car 0.0 0 -1.7550369501113892 690.6094970703125 178.56971740722656 781.4736938476562 241.07496643066406 4.1339765 1.5154511 1.7129921 3.309732 1.6904174 19.95574 -1.590679407119751 0.9858065247535706
Car 0.0 0 -2.1702747344970703 871.2893676757812 184.8268280029297 1242.0 375.0 4.0719776 1.5312088 1.6453179 3.2319624 1.6443475 4.755836 -1.5733864307403564 0.985230028629303
Car 0.0 0 -1.7166237831115723 663.0689697265625 174.0745849609375 717.9642944335938 214.1182403564453 3.902194 1.4922957 1.6257967 3.1200173 1.545048 28.988396 -1.609406590461731 0.9744315147399902
Car 0.0 0 1.721806526184082 467.85101318359375 176.62307739257812 511.1808776855469 209.6920166015625 3.4939682 1.5035285 1.5640615 -5.824134 1.6957105 34.961544 1.5567355155944824 0.8936780095100403
Car 0.0 0 2.3966150283813477 0.0 209.6404266357422 141.72116088867188 375.0 3.9770083 1.5430812 1.6362593 -5.644956 1.9173926 5.3338213 1.5828847885131836 0.8243772387504578
Car 0.0 0 1.6736204624176025 419.6806945800781 169.56478881835938 455.2875061035156 200.7846221923828 3.7424254 1.7634867 1.6764129 -10.199843 1.5780504 42.71911 1.439243197441101 0.7163800001144409
Car 0.0 0 -1.7066963911056519 656.2966918945312 178.2158966064453 703.1375122070312 211.83502197265625 3.9960582 1.4514939 1.6462609 3.1660345 1.7183539 33.82856 -1.6133776903152466 0.5107451677322388
