Car 0.0 0 -1.8706618547439575 727.7305297851562 185.18885803222656 924.7677612304688 308.9746398925781 4.1811776 1.472746 1.6504325 3.0003476 1.6995361 11.123364 -1.6071981191635132 0.9974048733711243
Car 0.0 0 -1.668390154838562 657.4268188476562 176.40582275390625 705.2395629882812 214.633544921875 3.9425561 1.4876202 1.6140019 2.90073 1.6474284 30.415655 -1.5733081102371216 0.9447974562644958
Car 0.0 0 0.3494994342327118 365.5476379394531 178.53883361816406 484.59521484375 226.4778594970703 3.73822 1.603547 1.5666001 -6.4866805 1.8110484 25.324823 0.09875106811523438 0.8854830861091614
Car 0.0 0 -2.8367390632629395 386.9418029785156 180.22886657714844 506.74334716796875 220.23721313476562 4.2044106 1.4658688 1.6339829 -6.2734485 1.7603558 27.786047 -3.05879282951355 0.8752504587173462
Car 0.0 0 0.7397494912147522 0.0 191.13377380371094 175.97146606445312 375.0 3.883763 1.4294602 1.631353 -6.4928617 1.620401 6.6374993 -0.03463362529873848 0.8214250802993774
Car 0.0 0 -2.6641149520874023 165.0003204345703 172.91439819335938 397.556396484375 268.44354248046875 3.768482 1.7346225 1.6853011 -6.331139 1.736235 14.043152 -3.087662696838379 0.7321978807449341
Car 0.0 0 3.452765464782715 234.6343231201172 178.17361450195312 434.1873474121094 250.25645446777344 3.9667635 1.5452437 1.5765073 -6.2234783 1.6736691 16.481836 3.0917205810546875 0.5690413117408752
Car 0.0 0 -2.7443740367889404 470.062744140625 173.7478485107422 542.3109130859375 200.34564208984375 4.059836 1.583435 1.691718 -6.401572 1.6404084 44.37024 -2.8876614570617676 0.5314447283744812
Car 0.0 0 0.13569456338882446 444.2056884765625 172.60372924804688 529.7986450195312 204.49815368652344 4.149169 1.5994298 1.6760231 -6.305889 1.5872374 37.0861 -0.0327284075319767 0.44631490111351013
Car 0.0 0 0.6296150088310242 0.0 145.83897399902344 279.8662414550781 323.8603820800781 3.9891226 1.9887036 1.6051079 -6.4720473 1.6872724 8.862489 -0.0011416163761168718 0.4368515908718109
Car 0.0 0 -1.4214311838150024 713.6155395507812 184.8900146484375 813.1859130859375 259.123291015625 3.9763255 1.4758799 1.7414767 3.7178307 1.7995783 17.213234 -1.208712100982666 0.4036327302455902
Car 0.0 0 0.2914121747016907 317.9715270996094 185.29588317871094 478.3902893066406 241.9799041748047 3.8595712 1.4391439 1.6125244 -5.684702 1.7899224 19.497904 0.007721424102783203 0.3884822130203247
Car 0.0 0 0.3133101463317871 445.9087829589844 175.24099731445312 524.1055297851562 209.0993194580078 3.3980925 1.5815684 1.5990052 -6.051048 1.7007301 34.877834 0.14152741432189941 0.3170890808105469
