Car 0.0 0 1.8189685344696045 421.4448547363281 187.2663116455078 482.4444580078125 228.1329345703125 3.564537 1.4629123 1.5586804 -6.3011265 2.0768602 28.90857 1.6043578386306763 0.9940634369850159
Car 0.0 0 1.7874643802642822 453.542236328125 183.69781494140625 505.1479187011719 219.928466796875 3.8978584 1.5619392 1.610923 -6.175728 2.1070478 34.266098 1.6091500520706177 0.9880075454711914
Car 0.0 0 -1.6552159786224365 653.9346923828125 174.29754638671875 698.087646484375 211.30447387695312 4.190161 1.5529516 1.6200646 2.8728266 1.6226083 32.537415 -1.5671513080596924 0.9402396082878113
Car 0.0 0 -1.0203633308410645 146.6144561767578 197.067138671875 221.20843505859375 229.12583923339844 3.471246 1.3848228 1.5833906 -20.948591 2.637219 35.557648 -1.5527626276016235 0.9111908674240112
Car 0.0 0 2.183565616607666 101.85209655761719 199.51632690429688 182.65972900390625 232.65234375 3.6916606 1.4431344 1.5756445 -23.478771 2.8547564 36.313965 1.6096200942993164 0.8658660650253296
Car 0.0 0 2.2827084064483643 0.0 213.17288208007812 162.03558349609375 375.0 3.9636416 1.5649135 1.6021937 -5.971613 2.0332837 6.358934 1.5287114381790161 0.7664587497711182
Car 0.0 0 1.2778218984603882 820.9251098632812 161.4032440185547 855.3007202148438 180.79942321777344 3.6880963 1.4922175 1.6035662 18.066608 0.6116269 57.361397 1.5829473733901978 0.5577632188796997
Car 0.0 0 1.5462697744369507 483.2847900390625 180.779296875 514.13916015625 210.2363739013672 3.6818895 1.5803099 1.6655358 -6.5052447 2.060482 41.72076 1.3915917873382568 0.4943319857120514
Car 0.0 0 -0.9964785575866699 200.13833618164062 200.8950653076172 277.7518615722656 233.48716735839844 3.6893103 1.3612359 1.6398786 -18.124456 2.8100402 35.350254 -1.470242977142334 0.46016427874565125
Car 0.0 0 2.7755844593048096 797.8784790039062 159.54759216308594 932.1088256835938 209.8946533203125 3.6544514 1.5279597 1.6158224 7.9281263 1.1244878 22.758665 3.1107943058013916 0.3458767235279083
