Car 0.0 0 -1.7125755548477173 656.05419921875 179.2727813720703 728.1201782226562 235.5044708251953 4.127516 1.5501232 1.6345237 2.4073777 1.7688773 22.45615 -1.6057798862457275 0.9986515641212463
Car 0.0 0 -1.8551987409591675 711.4105834960938 185.19505310058594 861.52001953125 283.0792236328125 3.5929053 1.4320581 1.6026287 2.9125655 1.6839386 12.860461 -1.632481336593628 0.9876629710197449
Car 0.0 0 0.2311951369047165 378.9461669921875 184.8445587158203 494.06488037109375 228.48143005371094 3.7944865 1.5086117 1.6365508 -6.2837043 1.9584975 26.221947 -0.004004985094070435 0.9845239520072937
Car 0.0 0 0.6348384618759155 0.0 192.7984161376953 286.9476013183594 335.32501220703125 4.1010704 1.5063027 1.6613778 -6.3693895 1.7701135 8.692541 0.0024743080139160156 0.9749714732170105
Car 0.0 0 -2.581770420074463 13.49000072479248 183.54177856445312 316.41778564453125 289.6675720214844 3.7448094 1.5043436 1.5743846 -6.8044887 1.682721 11.202183 -3.127631664276123 0.9738759398460388
Car 0.0 0 -2.660399913787842 195.0442352294922 183.39181518554688 404.1739807128906 255.21043395996094 3.8837185 1.4372088 1.5620799 -6.687054 1.6795382 15.637082 -3.0645053386688232 0.9550281167030334
Car 0.0 0 -1.6404495239257812 647.840087890625 180.49232482910156 688.6319580078125 216.68043518066406 3.748897 1.520956 1.5901593 2.5706382 1.8905735 32.997692 -1.562703013420105 0.9129857420921326
Car 0.0 0 0.5838863253593445 126.38202667236328 182.6663055419922 366.4171142578125 269.591552734375 3.7677906 1.4760748 1.5669391 -6.752975 1.6733943 13.478281 0.11941790580749512 0.9042126536369324
Car 0.0 0 -2.751786708831787 253.5184326171875 178.94985961914062 431.70941162109375 243.43495178222656 3.9028244 1.542019 1.6752571 -6.7488747 1.704964 18.332535 -3.1045265197753906 0.8385804891586304
Car 0.0 0 -1.5329736471176147 633.9152221679688 178.73663330078125 657.1666259765625 200.87867736816406 3.7435863 1.5232489 1.5545231 2.592002 1.9681768 52.594044 -1.4837303161621094 0.635745108127594
Car 0.0 0 0.3986448347568512 292.2459411621094 180.61630249023438 452.8480224609375 239.06065368652344 4.0249877 1.5568628 1.5662918 -6.6975718 1.7870193 20.413366 0.08161401748657227 0.6030234694480896
Car 0.0 0 -2.8948793411254883 393.7626647949219 174.93692016601562 497.4598388671875 215.4321746826172 3.752019 1.5623382 1.615276 -6.5433793 1.6482213 28.773003 -3.118490219116211 0.3723894953727722
