Car 0.0 0 0.3726896643638611 191.71157836914062 180.41566467285156 406.96856689453125 250.0265655517578 4.180375 1.4774712 1.6444143 -6.9749155 1.6588632 16.387651 -0.02970617078244686 0.9911920428276062
Car 0.0 0 -1.6891758441925049 634.2159423828125 182.74949645996094 677.0690307617188 216.14198303222656 4.121309 1.5008564 1.6325501 2.1657813 2.0208054 35.779152 -1.6287176609039307 0.990000307559967
Car 0.0 0 -2.5094923973083496 0.0 186.26844787597656 288.1856689453125 317.6383361816406 3.9003088 1.5093663 1.7335713 -6.574448 1.7010196 9.379624 -3.1208412647247314 0.9801074266433716
Car 0.0 0 0.30201950669288635 257.0357666015625 178.20620727539062 431.5047912597656 246.44326782226562 3.9790535 1.6832604 1.5922887 -6.875191 1.8298999 18.826696 -0.048116885125637054 0.9792280197143555
Car 0.0 0 -0.23717191815376282 728.6143188476562 174.00218200683594 873.1237182617188 229.73158264160156 4.104555 1.6796336 1.6621974 5.858019 1.7174026 22.643147 0.015987873077392578 0.9788298606872559
Car 0.0 0 -0.4318210482597351 827.8992309570312 181.79287719726562 1044.8045654296875 260.1260986328125 3.803519 1.5166454 1.531483 6.599628 1.7120472 14.944981 -0.015978703275322914 0.9781268835067749
Car 0.0 0 -0.49659016728401184 845.4292602539062 180.0021514892578 1135.1976318359375 279.4155578613281 4.156739 1.5770975 1.6072596 6.3446965 1.7089903 12.420489 -0.024320093914866447 0.9778949618339539
Car 0.0 0 0.48239314556121826 35.76455307006836 182.9248046875 334.4986267089844 288.6568298339844 3.9225545 1.5699908 1.5374779 -6.7815924 1.7458897 11.723687 -0.04203164204955101 0.9677814841270447
Car 0.0 0 -0.3139253556728363 731.7365112304688 181.16285705566406 896.5780029296875 238.58758544921875 4.13435 1.5158856 1.6628017 5.5937076 1.759884 20.232964 -0.044197581708431244 0.9641329050064087
Car 0.0 0 -0.5477781891822815 910.2738647460938 184.02178955078125 1242.0 311.056640625 3.6102786 1.5137854 1.555384 6.0481467 1.6744406 9.545654 0.0169830322265625 0.958217978477478
Car 0.0 0 -0.4388737380504608 773.1251220703125 184.3622283935547 949.6214599609375 247.67013549804688 3.790507 1.4275104 1.4649979 5.999383 1.7226092 17.541828 -0.10933958739042282 0.9432380199432373
Car 0.0 0 0.19690901041030884 403.6069641113281 180.48509216308594 501.1865234375 219.86529541015625 3.7032049 1.5708106 1.7066516 -6.536608 1.8979261 30.007202 -0.017574960365891457 0.8911007642745972
Car 0.0 0 -0.6841052174568176 993.9140014648438 179.60328674316406 1242.0 363.42437744140625 3.9542832 1.5553912 1.6179183 6.1035724 1.6297097 7.035193 0.03050518035888672 0.7827029824256897
Car 0.0 0 -2.8784542083740234 419.1063232421875 179.22622680664062 511.15216064453125 216.36398315429688 3.811856 1.6206781 1.583629 -6.5659804 1.9180326 32.71261 -3.0765392780303955 0.7441725134849548
Car 0.0 0 -2.1164939403533936 0.0 191.83193969726562 157.42742919921875 375.0 3.6986237 1.4631456 1.6708987 -6.760021 1.6864923 7.1773696 -2.8719565868377686 0.5940319299697876
Car 0.0 0 -1.6368554830551147 624.4629516601562 179.12484741210938 649.92236328125 201.91038513183594 3.4756777 1.5212858 1.5628211 1.8593779 1.9793341 50.900032 -1.6003416776657104 0.35527509450912476
