Pedestrian 0.0 0 1.2023848295211792 716.09033203125 141.21849060058594 755.61767578125 235.151611328125 0.72857046 1.7022866 0.4947391 2.3942115 0.9920548 13.212695 1.3816450834274292 0.9248706102371216
Pedestrian 0.0 0 1.196364402770996 642.8222045898438 127.16593933105469 710.4259643554688 284.2991027832031 0.82659906 1.8739604 0.5807393 0.83852994 1.2395831 8.904784 1.290253758430481 0.9241792559623718
Pedestrian 0.0 0 1.179069995880127 675.9371948242188 132.7987823486328 717.3724365234375 228.77708435058594 0.70109457 1.7220829 0.5311888 1.6461073 0.86784935 13.089333 1.3041727542877197 0.8718966841697693
Pedestrian 0.0 0 1.2388461828231812 722.1575927734375 141.78453063964844 779.2999267578125 280.5224304199219 0.71867794 1.7167044 0.51316786 1.8221359 1.2393284 9.134464 1.4357409477233887 0.7344621419906616
Pedestrian 0.0 0 1.7076539993286133 576.699951171875 135.45787048339844 616.0282592773438 240.3951873779297 0.6437849 1.7457405 0.59415215 -0.18484378 0.9980686 12.113065 1.6923953294754028 0.7183056473731995
Pedestrian 0.0 0 1.3193811178207397 611.7638549804688 138.46083068847656 655.090087890625 245.04733276367188 0.68985826 1.7980096 0.5991358 0.4428518 1.0904989 12.323256 1.3553019762039185 0.6889405846595764
Pedestrian 0.0 0 1.9298570156097412 550.6644897460938 128.58277893066406 593.4567260742188 226.275390625 0.8195902 1.770936 0.55311584 -0.6531598 0.8314401 13.286769 1.8807379007339478 0.5652807354927063
Pedestrian 0.0 0 1.4418737888336182 588.4425659179688 124.29490661621094 622.2572631835938 222.2512664794922 0.92856926 1.8723092 0.5509864 -0.045463417 0.7996554 14.005893 1.43862783908844 0.4812617003917694
Pedestrian 0.0 0 -1.4554286003112793 508.93292236328125 137.4387664794922 534.8155517578125 208.7149658203125 0.56027716 1.822425 0.60859203 -2.189921 0.7230052 18.35437 -1.5741804838180542 0.433058500289917
Pedestrian 0.0 0 -0.9407589435577393 538.9261474609375 124.43681335449219 580.9834594726562 217.9013671875 0.7588915 1.8124434 0.48876095 -0.938668 0.7269109 14.157276 -1.006964921951294 0.38662710785865784
Pedestrian 0.0 0 2.2302680015563965 260.79571533203125 140.28604125976562 292.79962158203125 197.6599578857422 0.78531814 1.7615727 0.5432798 -10.307015 0.5284258 22.14699 1.7946885824203491 0.3392116129398346
