Car 0.0 0 -1.790502905845642 704.6021118164062 175.6570281982422 856.0297241210938 284.88726806640625 4.052664 1.5611643 1.6242417 2.674504 1.6177835 12.44691 -1.5788482427597046 0.995301365852356
Car 0.0 0 -1.623815655708313 636.5236206054688 174.83425903320312 669.0093994140625 205.09335327148438 4.0988083 1.6482657 1.6456769 2.3865292 1.768498 41.622253 -1.5665405988693237 0.9932443499565125
Car 0.0 0 3.683490037918091 0.0 184.8307647705078 329.9337158203125 309.0302429199219 3.9027846 1.5671493 1.6343278 -6.24361 1.7491981 10.103394 3.129960775375366 0.9882081151008606
Car 0.0 0 -1.6566239595413208 656.0269775390625 177.94534301757812 705.4254760742188 218.343017578125 3.784973 1.4205544 1.5557488 2.6121633 1.6301181 27.746859 -1.562757968902588 0.9800211787223816
Car 0.0 0 0.43979743123054504 114.880859375 184.23692321777344 393.83740234375 284.63079833984375 4.1029887 1.6209021 1.5970197 -6.1321855 1.8339146 12.655063 -0.011425143107771873 0.9699395895004272
Car 0.0 0 -1.6998695135116577 678.6402587890625 180.5574188232422 767.5244750976562 248.74649047851562 3.9572346 1.49375 1.6893758 2.6886308 1.7102196 18.246407 -1.5535709857940674 0.9694603085517883
Car 0.0 0 3.500154495239258 201.54441833496094 188.9357452392578 422.2777099609375 266.7488098144531 4.0252175 1.5160143 1.5194061 -6.210622 1.873684 15.210795 3.1125104427337646 0.8442496657371521
Car 0.0 0 0.16841749846935272 440.7501220703125 176.0398712158203 527.456787109375 206.13327026367188 4.1274705 1.4900421 1.6900724 -6.4001584 1.6564773 36.757298 -0.003973600920289755 0.8094727396965027
Car 0.0 0 0.4530760645866394 377.035400390625 177.683837890625 488.8027648925781 224.02450561523438 3.6129234 1.5910872 1.5705905 -6.434202 1.7742416 26.157824 0.21188807487487793 0.6952074766159058
Car 0.0 0 -2.969176769256592 456.8791198730469 175.63088989257812 536.3775024414062 204.0113983154297 4.014862 1.4905865 1.6393789 -6.1075163 1.6439998 38.913593 -3.1248574256896973 0.5517929196357727
Car 0.0 0 0.7295503616333008 0.0 195.4740447998047 226.25308227539062 357.0589904785156 3.6569405 1.4530817 1.5758585 -6.3238287 1.7175558 7.5728297 0.03378915786743164 0.456403523683548
