Car 0.0 0 2.880000591278076 722.1480102539062 180.04827880859375 868.9584350585938 230.90061950683594 4.284942 1.559323 1.7031287 5.8523407 1.8004005 23.256084 3.1265294551849365 0.9889218807220459
Car 0.0 0 0.5141292810440063 139.8011474609375 182.33213806152344 404.4934997558594 269.9430236816406 4.079062 1.4385337 1.5611104 -6.022444 1.6219153 12.989216 0.07998251914978027 0.9846637845039368
Car 0.0 0 2.573209285736084 892.5712280273438 183.70175170898438 1204.5479736328125 290.5776062011719 3.8813255 1.4994026 1.6129694 6.5811453 1.6809618 11.173831 3.105485200881958 0.9833662509918213
Car 0.0 0 0.1218731626868248 421.36376953125 176.57437133789062 509.58807373046875 212.53611755371094 3.5758011 1.5004576 1.6201531 -6.241033 1.6667657 31.239748 -0.07530950754880905 0.9527542591094971
Car 0.0 0 0.406797856092453 207.45433044433594 184.4243621826172 414.8912048339844 257.82275390625 3.7248323 1.4337158 1.515444 -6.2134395 1.6893934 15.129702 0.0171201229095459 0.9434071183204651
Car 0.0 0 0.6027964949607849 0.0 183.97064208984375 318.26214599609375 330.3099060058594 4.1868815 1.4924171 1.630378 -5.841642 1.6338303 8.31761 -0.009486262686550617 0.9402610063552856
Car 0.0 0 0.2823813259601593 258.36212158203125 170.49697875976562 449.1737976074219 243.62294006347656 4.1774726 1.7242017 1.6588796 -6.3007073 1.6689845 17.953335 -0.05513878911733627 0.9191528558731079
Car 0.0 0 -3.5606741905212402 843.009521484375 182.98110961914062 1103.704833984375 271.11328125 4.037539 1.5092226 1.5776085 6.5475802 1.7098935 13.4099455 -3.1064600944519043 0.8938180208206177
Car 0.0 0 0.2673359811306 330.1839599609375 176.96690368652344 473.521240234375 229.66357421875 4.0778255 1.6019892 1.6855139 -6.576599 1.7380359 22.934492 -0.011926362290978432 0.8835543394088745
Car 0.0 0 -2.9547505378723145 428.00701904296875 171.00592041015625 520.6157836914062 207.1518096923828 4.0810223 1.6705644 1.6090769 -6.4104824 1.5855094 34.15195 -3.140296220779419 0.8585208654403687
Car 0.0 0 -1.5438671112060547 633.4601440429688 175.89064025878906 660.1184692382812 203.04722595214844 3.6818562 1.7142476 1.6698693 2.4429626 1.924075 47.869324 -1.4928773641586304 0.8549884557723999
Car 0.0 0 -1.5928294658660889 640.2302856445312 180.8232421875 673.45458984375 210.9322967529297 3.5717041 1.4466639 1.6328186 2.3522975 1.8807003 37.445065 -1.5300920009613037 0.7803670167922974
Car 0.0 0 -2.7971503734588623 308.8312072753906 176.29173278808594 460.75152587890625 236.50833129882812 3.7357147 1.6002846 1.5777664 -6.260133 1.7007512 20.140232 -3.098510503768921 0.5142143964767456
Car 0.0 0 -2.394649028778076 0.0 166.96910095214844 298.468505859375 279.6572570800781 3.6552975 1.508521 1.6080898 -6.8487835 1.4300995 10.7758 -2.9608137607574463 0.4080057442188263
Car 0.0 0 1.577975869178772 562.355712890625 178.46340942382812 580.6942749023438 195.91343688964844 4.2606764 1.4131365 1.5192502 -3.3130808 1.9121997 61.982613 1.524574875831604 0.34587720036506653
Car 0.0 0 0.41562747955322266 447.0235290527344 175.11380004882812 516.8679809570312 205.62451171875 3.3184137 1.5747647 1.5890568 -6.864792 1.6996001 38.576466 0.2395181655883789 0.34366029500961304
