Car 0.0 0 -1.7432693243026733 694.1520385742188 184.79269409179688 793.5089111328125 257.47125244140625 3.830965 1.4175042 1.5766921 2.9006712 1.7245233 16.615116 -1.5704309940338135 0.9917424917221069
Car 0.0 0 -1.6105499267578125 639.032958984375 180.32119750976562 663.818115234375 203.34234619140625 3.8782425 1.5010324 1.563733 2.823112 2.0417664 50.260933 -1.5544397830963135 0.9636759161949158
Car 0.0 0 3.787841796875 0.0 196.7686309814453 251.30673217773438 323.1627502441406 3.951316 1.4139555 1.5603231 -6.9714694 1.744041 9.15659 3.1371092796325684 0.9469545483589172
Car 0.0 0 0.43895724415779114 175.232421875 179.41094970703125 428.5360107421875 259.8804931640625 4.3097653 1.4633054 1.556446 -5.961091 1.599857 14.121477 0.0395205020904541 0.9442656636238098
Car 0.0 0 3.296032667160034 422.90557861328125 177.9721221923828 508.50262451171875 214.57052612304688 3.67756 1.6358062 1.6373161 -6.665103 1.8794154 33.393982 3.099031448364258 0.9431653618812561
Car 0.0 0 0.5815898776054382 102.34868621826172 182.79922485351562 380.0409240722656 279.2768249511719 3.8190398 1.4326333 1.6671284 -6.054963 1.6124219 11.971038 0.1133122444152832 0.9373795986175537
Car 0.0 0 0.33747899532318115 379.22857666015625 177.5911865234375 493.8689270019531 223.08673095703125 3.778659 1.5967349 1.6074774 -6.3708625 1.7777253 26.518589 0.10170578956604004 0.9158715009689331
Car 0.0 0 0.3739425539970398 409.2349548339844 184.1562957763672 506.5511779785156 219.20999145507812 3.7583354 1.4097726 1.544803 -6.499671 1.9090929 30.778978 0.16582775115966797 0.9015733599662781
Car 0.0 0 -2.7667620182037354 354.2823181152344 179.1064910888672 489.3522033691406 224.6367950439453 4.0051403 1.4238592 1.6550963 -6.228637 1.6406713 23.914665 -3.0215539932250977 0.8603537082672119
Car 0.0 0 0.39772120118141174 279.1106872558594 168.85302734375 469.80072021484375 231.2678985595703 4.5117054 1.5589815 1.5898454 -6.171945 1.4594042 19.000223 0.08363819122314453 0.8349881172180176
Car 0.0 0 0.017240390181541443 483.3984069824219 177.05926513671875 543.2646484375 204.0959930419922 3.6019876 1.6211239 1.6455002 -5.986794 1.8874491 44.60587 -0.11617769300937653 0.8308325409889221
Car 0.0 0 -3.3636295795440674 755.8412475585938 175.0437469482422 903.272705078125 227.89906311035156 3.9307344 1.5017276 1.7019911 6.414385 1.5705013 21.55982 -3.074453592300415 0.8110657334327698
Car 0.0 0 -2.6262595653533936 243.6417236328125 174.813232421875 433.95379638671875 241.63525390625 3.8593464 1.439924 1.5395347 -6.255156 1.4884307 16.668434 -2.9852664470672607 0.7681435346603394
Car 0.0 0 -2.785701036453247 323.3490295410156 174.19154357910156 460.1570739746094 229.0774688720703 3.5630395 1.5596199 1.5906869 -6.4710584 1.6014249 21.45011 -3.078697919845581 0.5730887651443481
Car 0.0 0 -3.3048880100250244 687.756103515625 179.3701171875 784.5130004882812 210.67144775390625 4.372386 1.4571251 1.7628481 5.9951124 1.780388 34.85611 -3.1345584392547607 0.556647777557373
Car 0.0 0 1.5934454202651978 537.8936157226562 178.8758544921875 559.1268310546875 197.64706420898438 4.0781546 1.4629388 1.6594204 -5.076862 1.9786167 59.656082 1.5085477828979492 0.37432992458343506
