Car 0.0 0 1.7731963396072388 387.4825744628906 183.5867462158203 502.9852294921875 260.9660949707031 3.8921583 1.4494956 1.6479841 -3.3774717 1.4201125 15.418887 1.5575546026229858 0.9970779418945312
Car 0.0 0 1.938231110572815 178.02328491210938 200.30409240722656 450.9860534667969 361.3452453613281 3.9015892 1.4079964 1.6440916 -3.1981382 1.6310484 8.608886 1.5825388431549072 0.9970718622207642
Car 0.0 0 -1.5691394805908203 554.1365966796875 178.7749481201172 620.788330078125 234.5259552001953 3.671559 1.3988069 1.6739215 -0.60752124 1.2383381 19.89168 -1.599671483039856 0.9954649806022644
Car 0.0 0 1.972137212753296 254.95314025878906 178.9886016845703 373.98040771484375 236.4122772216797 3.881336 1.3880339 1.5592337 -7.7723846 1.2386448 19.327377 1.5897841453552246 0.9601984620094299
Car 0.0 0 1.8647594451904297 338.7137756347656 178.41583251953125 391.3096618652344 207.3900604248047 3.8607848 1.4537286 1.5848126 -12.797698 1.1136895 38.017345 1.5400468111038208 0.9471688866615295
Car 0.0 0 2.3026888370513916 0.0 195.68679809570312 178.1154327392578 344.92999267578125 3.9992998 1.4475592 1.6251682 -7.671555 1.6135901 9.285266 1.6121708154678345 0.9432052373886108
Car 0.0 0 -1.5399441719055176 514.6057739257812 178.65884399414062 550.8997192382812 212.24851989746094 3.3603663 1.4396771 1.5330089 -3.386085 1.1597774 32.538403 -1.6436351537704468 0.9352051615715027
Car 0.0 0 1.6789963245391846 459.5466003417969 174.18919372558594 528.387939453125 232.35699462890625 4.272064 1.6861006 1.7180054 -3.5802479 1.3676084 23.006987 1.5246188640594482 0.9201552271842957
Car 0.0 0 1.7672637701034546 386.20611572265625 180.63983154296875 441.2901611328125 215.4982452392578 3.8076224 1.4154044 1.5901667 -8.36516 1.230736 31.13703 1.5048047304153442 0.787308931350708
Car 0.0 0 -1.129314661026001 235.53759765625 182.3956298828125 325.0324401855469 222.37918090820312 3.7521534 1.4442314 1.7135776 -12.611566 1.3435007 27.851559 -1.5545059442520142 0.7324520945549011
Car 0.0 0 1.747373104095459 446.6166076660156 173.9113006591797 483.17449951171875 199.7758026123047 3.6855602 1.5344521 1.5986719 -8.82244 0.86493284 44.501183 1.551659107208252 0.40298110246658325
