Car 0.0 0 -1.8871294260025024 724.1135864257812 188.76397705078125 980.3597412109375 336.2578125 4.4549985 1.3431194 1.6717833 2.6825316 1.5985798 9.310476 -1.6066073179244995 0.9944985508918762
Car 0.0 0 -2.8678359985351562 348.5308532714844 176.99559020996094 494.7469482421875 224.1739044189453 4.2926354 1.4573568 1.5959563 -6.045373 1.5961391 23.27323 -3.121975898742676 0.9669581055641174
Car 0.0 0 0.44293469190597534 18.967138290405273 185.09396362304688 395.8251647949219 289.3565979003906 4.583916 1.3686646 1.7142388 -5.7551827 1.5666331 10.671978 -0.051640842109918594 0.9633559584617615
Car 0.0 0 -0.41736969351768494 833.4816284179688 178.39181518554688 1070.6204833984375 260.9304504394531 3.8788044 1.5169213 1.6926873 6.561379 1.6333665 14.248882 0.014168262481689453 0.9620669484138489
Car 0.0 0 2.9012327194213867 727.6590576171875 174.98851013183594 839.5934448242188 213.52920532226562 4.0073233 1.4663539 1.6074761 6.7211833 1.5530379 28.359299 3.1339402198791504 0.9395965337753296
Car 0.0 0 -0.26213136315345764 735.33740234375 177.4170684814453 865.4329833984375 218.86073303222656 4.260021 1.4349377 1.5837042 6.738646 1.60465 25.967205 -0.008226057514548302 0.9387883543968201
Car 0.0 0 -2.778770923614502 324.62664794921875 174.4525146484375 459.8738098144531 229.4869842529297 3.354941 1.511153 1.6975625 -6.266057 1.5598036 20.830544 -3.070971727371216 0.9368938207626343
Car 0.0 0 2.956972360610962 684.263916015625 176.298828125 771.0222778320312 206.06869506835938 4.2806997 1.5263758 1.6956863 6.1285377 1.7129617 38.1023 3.116450786590576 0.8962176442146301
Car 0.0 0 0.27921006083488464 435.96197509765625 169.25775146484375 522.5387573242188 207.66378784179688 3.580393 1.702881 1.6478451 -5.9794316 1.5437852 32.987785 0.09989500045776367 0.8801064491271973
Car 0.0 0 -1.5681654214859009 637.5628051757812 174.46192932128906 660.2108154296875 197.33216857910156 3.5904772 1.5969014 1.5885322 2.8024333 1.718294 52.4734 -1.5148093700408936 0.8687978386878967
Car 0.0 0 -0.38519591093063354 771.6279296875 174.02891540527344 962.4421997070312 236.45738220214844 4.3539453 1.5303488 1.6198677 6.4986944 1.5625508 18.636303 -0.04966939985752106 0.8530692458152771
Car 0.0 0 0.3803836703300476 404.85699462890625 170.41830444335938 512.8170776367188 213.98609924316406 3.7682455 1.6210717 1.6077454 -5.866406 1.5308019 27.961433 0.17357969284057617 0.8524967432022095
Car 0.0 0 0.23487722873687744 413.42254638671875 177.5556182861328 511.0929260253906 211.6685791015625 3.7786963 1.3908496 1.6035525 -6.2406187 1.5957128 30.517849 0.033167362213134766 0.6071394085884094
Car 0.0 0 -2.7146339416503906 167.3297119140625 151.17930603027344 412.3870849609375 267.6473388671875 3.667091 1.955015 1.6666329 -5.6705923 1.5915446 12.969185 -3.1268227100372314 0.5468624234199524
Car 0.0 0 -2.809818744659424 485.1881103515625 172.33999633789062 549.2613525390625 194.78616333007812 3.7569852 1.4089075 1.6663895 -5.9892063 1.3770022 46.482815 -2.937960386276245 0.48681923747062683
Car 0.0 0 -2.9527268409729004 496.1571960449219 167.40255737304688 558.6241455078125 192.21401977539062 3.9883482 1.6588861 1.6958678 -5.6367564 1.2947621 49.233776 -3.0667200088500977 0.4596834182739258
Car 0.0 0 -2.410238742828369 454.21038818359375 172.8282012939453 533.9752197265625 203.00201416015625 4.1539364 1.5371352 1.6721255 -6.257256 1.536179 38.579746 -2.571028709411621 0.40470391511917114
Car 0.0 0 0.9678017497062683 0.0 166.97933959960938 217.47254943847656 317.6991882324219 3.8268588 1.4865798 1.59011 -6.81603 1.4289947 8.418427 0.2872006893157959 0.35736605525016785
