Cyclist 0.0 0 0.9421998262405396 1106.3759765625 155.17823791503906 1194.05224609375 262.3021545410156 1.2765036 1.7615612 0.5712674 9.272069 1.4712563 12.503255 1.5802854299545288 0.3666435480117798
Car 0.0 0 1.7917476892471313 421.939453125 185.24392700195312 507.5927734375 242.9168243408203 4.1127963 1.5117738 1.676717 -4.330479 1.9235692 21.880484 1.5963575839996338 0.991894543170929
Car 0.0 0 -1.797255039215088 737.916015625 177.91795349121094 850.11962890625 253.78927612304688 3.9492695 1.5324423 1.6485201 4.0865345 1.6647935 16.819979 -1.5589158535003662 0.9902544617652893
Car 0.0 0 -1.960149884223938 778.5045166015625 184.02052307128906 968.7037963867188 297.94781494140625 3.495515 1.4898857 1.6035604 3.954321 1.697205 11.577469 -1.6310198307037354 0.9890128374099731
Car 0.0 0 -1.7320703268051147 712.0302124023438 177.1845245361328 785.4863891601562 233.63656616210938 3.699468 1.5808405 1.6398228 4.1587234 1.7266083 22.357048 -1.5481582880020142 0.9797751903533936
Car 0.0 0 -2.145829677581787 898.4769287109375 190.1689910888672 1242.0 375.0 3.7895913 1.4570825 1.6434269 3.8790147 1.6449121 5.909913 -1.5649983882904053 0.9746919274330139
Car 0.0 0 1.7642645835876465 475.0156555175781 179.87908935546875 535.5357666015625 226.73695373535156 4.0028863 1.6202757 1.5475324 -3.966526 1.9091879 27.596165 1.6215076446533203 0.9708945155143738
Car 0.0 0 1.6790698766708374 551.72265625 178.0889434814453 582.6856079101562 201.001708984375 4.148594 1.4650422 1.6710405 -2.9051802 1.8377867 49.210823 1.620102882385254 0.9663459658622742
Car 0.0 0 1.7305251359939575 498.7916564941406 181.94195556640625 549.4390258789062 218.0562286376953 4.1700916 1.4752687 1.6326576 -3.8553138 1.9136387 32.655518 1.613008975982666 0.95359206199646
Car 0.0 0 -1.748704433441162 693.50634765625 179.05711364746094 755.478271484375 222.13442993164062 3.8347812 1.4975032 1.6695921 4.2516894 1.751614 27.575815 -1.5957272052764893 0.907131016254425
Car 0.0 0 -1.7781763076782227 683.8301391601562 176.46832275390625 729.123291015625 206.25445556640625 4.0086813 1.480773 1.5884745 5.041207 1.6839476 38.426678 -1.6477309465408325 0.5079890489578247
