Car 0.0 0 2.769353151321411 631.5328979492188 169.24880981445312 823.8719482421875 240.09811401367188 4.3793764 1.6268686 1.7112082 2.8177462 1.5444428 17.870201 2.92574405670166 0.9913824200630188
Car 0.0 0 3.491037130355835 107.21981048583984 181.45335388183594 305.41949462890625 250.9392852783203 3.9209728 1.5700593 1.6230946 -9.790803 1.7943684 17.681353 2.985330104827881 0.9863088726997375
Car 0.0 0 3.7273144721984863 0.0 196.64080810546875 192.3844451904297 323.3637390136719 4.0064507 1.4304566 1.6209497 -8.08911 1.7805337 9.568406 3.025498390197754 0.9670240879058838
Car 0.0 0 3.007570505142212 599.431884765625 169.4145050048828 701.3990478515625 209.0552520751953 3.819307 1.5061625 1.5945284 1.5010419 1.3758357 28.361734 3.06044602394104 0.9451823830604553
Car 0.0 0 3.3448028564453125 274.98809814453125 178.84165954589844 387.5130920410156 219.39207458496094 3.8617322 1.5056949 1.606391 -10.861001 1.7494866 28.22408 2.977456569671631 0.9078169465065002
Car 0.0 0 3.3534364700317383 210.8873291015625 177.90731811523438 355.0278625488281 232.92852783203125 3.868054 1.6175865 1.5704894 -10.173101 1.7844505 22.59861 2.930445432662964 0.8964838981628418
Car 0.0 0 3.6478452682495117 0.0 189.653076171875 225.6759033203125 289.1214599609375 3.5479598 1.4626265 1.561353 -8.598911 1.7636136 11.9246645 3.0230960845947266 0.8685635924339294
Car 0.0 0 0.4487501084804535 188.27392578125 185.09718322753906 350.11376953125 239.450927734375 3.8572142 1.446545 1.4837441 -9.556076 1.8042889 20.300558 0.008791685104370117 0.7930583953857422
Car 0.0 0 1.4387918710708618 403.11419677734375 168.69737243652344 430.1090393066406 189.72654724121094 3.914043 1.8337492 1.8485295 -17.49021 1.4716469 65.07744 1.1762361526489258 0.325368195772171
Car 0.0 0 2.932879686355591 581.513427734375 169.12303161621094 683.872314453125 203.91978454589844 4.136907 1.4354578 1.6263533 0.9014222 1.2819035 30.932142 2.9620134830474854 0.31335899233818054
