Car 0.0 0 -2.0565073490142822 748.4984741210938 187.57667541503906 1107.4852294921875 375.0 3.6780632 1.4902282 1.6110547 2.6934266 1.6769952 7.206084 -1.6988145112991333 0.9917231202125549
Car 0.0 0 -1.7983901500701904 604.4596557617188 177.9823455810547 702.08154296875 252.83901977539062 3.5193133 1.5589182 1.5314187 0.87098104 1.6944325 17.146267 -1.7476366758346558 0.9913410544395447
Car 0.0 0 1.791994571685791 263.2405700683594 202.59310913085938 394.83349609375 298.5464782714844 3.6504724 1.4115136 1.5454171 -5.218606 2.0562825 13.715702 1.428424596786499 0.9910579919815063
Car 0.0 0 1.9619704484939575 0.0 200.31227111816406 326.1965637207031 375.0 4.1136556 1.4859451 1.6785872 -4.2200127 1.8380051 7.081991 1.424586296081543 0.9850434064865112
Car 0.0 0 -1.8232948780059814 676.0779418945312 187.3198699951172 818.3865966796875 295.8433532714844 3.4450326 1.447914 1.4316982 2.0425467 1.7219543 11.872726 -1.652925729751587 0.9806077480316162
Car 0.0 0 1.6595686674118042 385.5472412109375 183.85848999023438 447.0628967285156 237.0307159423828 3.9917505 1.5974201 1.6793202 -6.5747895 2.0060618 24.657389 1.398985743522644 0.930901050567627
Car 0.0 0 1.7535507678985596 446.9388732910156 187.62640380859375 481.92291259765625 212.06129455566406 3.8799329 1.4252251 1.5266833 -9.344825 2.415466 46.394802 1.5547904968261719 0.9284813404083252
Car 0.0 0 -1.5916359424591064 572.9130249023438 185.90267944335938 612.100341796875 226.1622314453125 3.868643 1.4753487 1.5073417 -0.80768096 2.0481524 29.682844 -1.6188396215438843 0.8577907085418701
Car 0.0 0 -1.5663442611694336 549.6978759765625 185.15965270996094 575.2574462890625 213.0780029296875 4.1055326 1.6218321 1.548689 -3.044669 2.4400897 45.857838 -1.6326406002044678 0.4612133800983429
Car 0.0 0 -1.6374685764312744 553.1382446289062 185.6799774169922 584.5967407226562 215.05935668945312 3.787715 1.5413308 1.5512952 -2.4422493 2.3154962 41.55257 -1.6961759328842163 0.3680899739265442
