Pedestrian 0.0 0 1.288002848625183 562.0704956054688 135.529541015625 602.3925170898438 230.6519012451172 0.750026 1.7782221 0.5904003 -0.49030626 0.9391789 13.66125 1.252128005027771 0.9630513787269592
Pedestrian 0.0 0 1.4856305122375488 603.463623046875 138.04331970214844 635.2071533203125 231.0810089111328 0.7861318 1.7714677 0.5542178 0.23047104 0.9647132 13.868589 1.5022472143173218 0.9334976673126221
Pedestrian 0.0 0 0.2104564607143402 885.994140625 146.7003936767578 1026.81201171875 368.1623229980469 1.0241693 1.7871156 0.5374018 3.0349844 1.5160722 6.227818 0.6639144420623779 0.7126582860946655
Pedestrian 0.0 0 -0.20346015691757202 866.8842163085938 141.1912841796875 972.4873046875 323.16046142578125 0.8834403 1.7486575 0.5216124 3.1009235 1.3726118 7.135339 0.20650243759155273 0.6574494242668152
Pedestrian 0.0 0 1.431174635887146 525.1160888671875 125.77120208740234 557.172119140625 212.3188018798828 0.729401 1.8421762 0.60036147 -1.444316 0.67888665 15.468748 1.3380745649337769 0.6570207476615906
Pedestrian 0.0 0 -2.8862807750701904 815.9234008789062 131.2941436767578 964.6982421875 370.0 0.95296043 1.790163 0.5682303 2.1392455 1.4483111 5.4420476 -2.5117404460906982 0.6320933103561401
Pedestrian 0.0 0 1.570029377937317 586.5258178710938 141.11268615722656 602.3095092773438 196.30921936035156 0.55813783 1.7403557 0.49771613 -0.36996114 0.5000187 22.571703 1.553640365600586 0.62688809633255
Pedestrian 0.0 0 1.4525758028030396 515.7083740234375 134.43894958496094 536.0133056640625 195.39547729492188 0.69346833 1.8465217 0.54293025 -2.4781318 0.45277983 21.813011 1.339452862739563 0.6109899878501892
Pedestrian 0.0 0 1.4712660312652588 552.333984375 138.80377197265625 579.4833984375 216.5254669189453 0.7401635 1.7171834 0.5409012 -0.932078 0.79756105 16.024517 1.4131656885147095 0.5743104815483093
Pedestrian 0.0 0 1.394919514656067 517.1119384765625 136.6010284423828 545.4359130859375 213.76844787597656 0.65555763 1.757032 0.54870784 -1.7632864 0.7591019 16.485142 1.2883625030517578 0.4101904034614563
Pedestrian 0.0 0 -1.9876796007156372 594.9570922851562 142.3675994873047 625.3558349609375 210.1002960205078 0.7171342 1.6614 0.516403 0.087420665 0.727657 17.770025 -1.9827600717544556 0.3539414703845978
