Pedestrian 0.0 0 -1.784915804862976 693.1358642578125 162.7724609375 746.737060546875 276.5746765136719 1.0028137 1.715155 0.6307457 1.810198 1.4342109 11.341906 -1.6266480684280396 0.8699300289154053
Pedestrian 0.0 0 -1.2077833414077759 738.0921020507812 165.13189697265625 771.1354370117188 222.2029266357422 0.9491955 1.7162672 0.70876116 4.709777 1.2251605 22.190386 -0.9986429214477539 0.5371690392494202
Pedestrian 0.0 0 2.4623546600341797 329.2444152832031 169.93154907226562 416.4306335449219 289.5688781738281 1.1743712 1.7094594 0.556134 -3.4944882 1.5454766 10.90486 2.1522414684295654 0.4141607880592346
Pedestrian 0.0 0 -0.6922925710678101 639.2371826171875 166.63851928710938 704.5400390625 288.625 0.82712406 1.8280916 0.59667736 1.0588336 1.6066837 11.241831 -0.5983827114105225 0.32588639855384827
Cyclist 0.0 0 1.6693017482757568 492.5412292480469 165.04408264160156 530.9957885742188 254.5943603515625 1.8361534 1.7738749 0.63174456 -1.904694 1.4491521 15.152804 1.54425847530365 0.8853845000267029
Cyclist 0.0 0 -0.9047925472259521 553.4225463867188 170.47882080078125 599.5984497070312 231.86216735839844 1.4253526 1.7548583 0.6220532 -0.75504434 1.4409202 21.292524 -0.9402382373809814 0.5858277082443237
Cyclist 0.0 0 1.6809548139572144 524.2960205078125 168.8463592529297 549.1754150390625 224.16163635253906 1.7573247 1.7788976 0.6413165 -2.1701198 1.3730636 23.98337 1.5907162427902222 0.5173190832138062
Cyclist 0.0 0 -1.6881049871444702 681.1907958984375 172.73397827148438 708.2675170898438 238.88331604003906 1.5806831 1.7026757 0.5336006 2.4577162 1.4782151 19.280073 -1.561314344406128 0.30074459314346313
Car 0.0 0 1.7390226125717163 538.7788696289062 174.6067657470703 574.1614990234375 200.63363647460938 4.1281357 1.6228806 1.6402388 -2.8807294 1.1937879 46.92831 1.6777137517929077 0.6652316451072693
Car 0.0 0 1.8223165273666382 381.2713928222656 179.98980712890625 467.39556884765625 235.0426788330078 3.998668 1.5372627 1.6168146 -5.3493357 1.4962419 22.06594 1.5844799280166626 0.41779935359954834
