Car 0.0 0 -1.8747905492782593 734.9844970703125 192.69776916503906 943.126708984375 330.9598083496094 3.7127788 1.3929186 1.5273939 2.7555008 1.7111969 9.681018 -1.59749436378479 0.9970124959945679
Car 0.0 0 -2.5367958545684814 0.0 180.3641815185547 323.0958557128906 298.2185974121094 4.0204034 1.4477217 1.6083826 -6.2988706 1.5597217 9.847717 -3.105844736099243 0.9869558811187744
Car 0.0 0 0.3141397535800934 345.5965576171875 181.9071044921875 474.0277099609375 229.59756469726562 3.7898576 1.5014389 1.6365101 -6.627432 1.8137257 23.956886 0.044249534606933594 0.9802433848381042
Car 0.0 0 -2.564443349838257 79.35880279541016 173.61952209472656 389.1902770996094 274.3442687988281 4.507421 1.5681622 1.6859493 -6.335752 1.5827218 12.315007 -3.0396029949188232 0.9773042798042297
Car 0.0 0 -2.7053966522216797 244.7062225341797 176.61911010742188 439.2152099609375 246.65924072265625 3.9826677 1.5525134 1.6922802 -6.3138123 1.6474102 17.106825 -3.0589685440063477 0.9641293287277222
Car 0.0 0 -1.619746208190918 637.8499145507812 180.7063751220703 669.294921875 208.4313201904297 4.0786734 1.5491452 1.6861752 2.5504174 2.0454388 43.520527 -1.5612105131149292 0.961139440536499
Car 0.0 0 3.804877758026123 0.0 199.92373657226562 273.6667175292969 373.653076171875 4.273433 1.4748263 1.6220398 -5.9558835 1.7797794 7.2537417 3.1174161434173584 0.9354103803634644
Car 0.0 0 -2.692338228225708 171.95578002929688 174.9105224609375 383.2539367675781 259.3675537109375 3.5187376 1.5978278 1.6029075 -6.6324887 1.6419868 14.526858 -3.1206400394439697 0.9341127276420593
Car 0.0 0 0.21359409391880035 373.7735900878906 178.7379913330078 492.8862609863281 224.1141357421875 4.005409 1.602081 1.6306273 -6.4768653 1.8261433 26.563253 -0.02556726336479187 0.9293693900108337
Car 0.0 0 -0.25788870453834534 702.8279418945312 180.25924682617188 813.99853515625 220.68612670898438 3.9372659 1.4957538 1.5967565 5.652019 1.7922401 27.939123 -0.05828485265374184 0.8737646341323853
Car 0.0 0 -3.482696771621704 808.610107421875 171.5088653564453 1033.39453125 255.5558624267578 3.8580825 1.6019043 1.6921705 6.138172 1.5766245 14.699341 -3.0871264934539795 0.8559820652008057
Car 0.0 0 -0.1240764856338501 707.913330078125 174.2574462890625 806.6918334960938 215.23609924316406 3.8894498 1.6635286 1.6253265 6.0812273 1.7246984 30.307547 0.0739445686340332 0.8425646424293518
Car 0.0 0 0.2728181481361389 285.2713928222656 177.02127075195312 453.85791015625 239.52401733398438 4.027311 1.597859 1.6228008 -6.430279 1.715885 19.467142 -0.04621297866106033 0.8094871640205383
Car 0.0 0 0.12630228698253632 457.8778076171875 174.62425231933594 529.824462890625 207.8109130859375 3.545461 1.6963753 1.6905088 -6.089704 1.7918915 37.879345 -0.033099595457315445 0.7494313716888428
Car 0.0 0 2.479578971862793 753.7933959960938 175.92066955566406 907.8470458984375 233.83216857910156 4.0547028 1.511404 1.5969003 6.212416 1.604982 20.457344 2.7744054794311523 0.6777574419975281
Car 0.0 0 -0.29941579699516296 732.3504638671875 180.614013671875 863.0997314453125 225.60690307617188 4.1091447 1.4867083 1.5613811 6.4048557 1.7656763 25.022783 -0.04883474111557007 0.6279646754264832
