Car 0.0 0 1.7900526523590088 398.99273681640625 181.37596130371094 488.30950927734375 238.2731170654297 3.5049872 1.4065869 1.6351712 -4.3930507 1.312794 19.521666 1.5687052011489868 0.993753969669342
Car 0.0 0 1.9669874906539917 247.96995544433594 185.85594177246094 357.8546142578125 236.8190155029297 3.6360204 1.3127111 1.5793152 -8.547823 1.3336143 20.37707 1.569799542427063 0.9935169219970703
Car 0.0 0 2.0795669555664062 0.0 188.34848022460938 362.3487548828125 376.0 4.3083434 1.4694239 1.6208028 -3.7304475 1.5077505 6.359973 1.5490952730178833 0.9915288686752319
Car 0.0 0 1.710984468460083 482.0350646972656 180.31295776367188 527.5584106445312 212.931884765625 3.5131376 1.3811632 1.5432309 -4.5903482 1.1747016 32.191986 1.5693464279174805 0.9902944564819336
Car 0.0 0 -1.7100846767425537 669.366943359375 180.46849060058594 737.1913452148438 230.77786254882812 3.6505342 1.4420874 1.5856196 2.8540032 1.3071431 22.437021 -1.5835635662078857 0.9875413775444031
Car 0.0 0 -1.5438868999481201 582.4971923828125 176.6133270263672 614.0955810546875 203.36868286132812 3.7908025 1.436838 1.6809418 -0.51990896 0.9759978 40.50785 -1.5567209720611572 0.9698902368545532
Car 0.0 0 1.6287577152252197 573.1377563476562 178.65921020507812 598.9198608398438 200.1614990234375 3.8489308 1.3942856 1.5224031 -1.4554367 0.97027063 48.55442 1.5987913608551025 0.6390769481658936
Car 0.0 0 1.7862207889556885 356.9395446777344 170.04986572265625 416.66937255859375 216.65106201171875 3.5624185 1.7479643 1.5611285 -8.813857 1.1802406 28.798677 1.4892221689224243 0.5035993456840515
Car 0.0 0 -1.6635440587997437 620.245361328125 176.69741821289062 647.5148315429688 198.48265075683594 3.8192236 1.4984835 1.5948212 1.8129132 0.91369075 51.39455 -1.628284215927124 0.4676908552646637
Car 0.0 0 -1.5316276550292969 517.2979125976562 177.5699005126953 545.6638793945312 200.51112365722656 3.5397413 1.321603 1.5609888 -4.5771513 0.88227373 43.22596 -1.637123465538025 0.3954814374446869
