Pedestrian 0.0 0 0.748309850692749 803.0057373046875 151.16827392578125 859.5948486328125 256.15252685546875 0.7152252 1.7924256 0.63286877 4.0267234 1.2758446 12.728912 1.0546934604644775 0.8555871844291687
Pedestrian 0.0 0 1.7558482885360718 577.7008666992188 160.7058868408203 608.1434936523438 236.8148956298828 0.9458359 1.7397183 0.55553037 -0.22691616 1.2656125 16.930676 1.7424464225769043 0.8395929336547852
Pedestrian 0.0 0 1.509089469909668 622.2985229492188 151.84548950195312 640.6638793945312 199.29440307617188 0.8907072 1.823219 0.6609385 1.1489084 0.6847683 28.051453 1.5500237941741943 0.8368663191795349
Pedestrian 0.0 0 -1.5865308046340942 549.5983276367188 157.91677856445312 568.468017578125 221.86688232421875 0.9283374 1.8224778 0.53212345 -1.2719722 1.1515353 20.951921 -1.6471655368804932 0.7764221429824829
Pedestrian 0.0 0 2.1075258255004883 120.9779281616211 175.10092163085938 245.64166259765625 374.0 0.81853193 1.6298449 0.6141102 -3.6807182 1.5788045 6.2945557 1.5783977508544922 0.5400474071502686
Pedestrian 0.0 0 1.618051528930664 605.886474609375 151.42074584960938 621.5986328125 199.08584594726562 0.9230819 1.9034618 0.59657526 0.4872369 0.70327663 29.163101 1.6347572803497314 0.42498400807380676
Pedestrian 0.0 0 1.6450625658035278 708.932373046875 156.30953979492188 732.0242919921875 218.83888244628906 1.0702007 1.6904421 0.559038 3.2920094 1.0105935 20.002949 1.8081766366958618 0.36630529165267944
Pedestrian 0.0 0 -2.297746419906616 993.73046875 156.01954650878906 1086.0059814453125 312.0212097167969 0.6912879 1.6549816 0.55872357 4.823313 1.3860261 8.009128 -1.7556909322738647 0.3367549180984497
Pedestrian 0.0 0 1.5465919971466064 597.7762451171875 151.13861083984375 614.6926879882812 199.27992248535156 0.8626542 1.8485684 0.6371965 0.16323622 0.68374866 28.01769 1.5524181127548218 0.3233373761177063
Pedestrian 0.0 0 -0.9435957670211792 496.3572692871094 153.6903839111328 529.263671875 227.7626495361328 0.63787186 1.8209014 0.55330765 -2.2596695 1.1384541 18.068825 -1.0680088996887207 0.31445011496543884
