Car 0.0 0 1.8372389078140259 390.3768310546875 186.0582275390625 472.3281555175781 239.0974884033203 4.0733476 1.5329293 1.6163294 -5.8570523 2.0089571 23.93265 1.5972257852554321 0.998431384563446
Car 0.0 0 1.9302397966384888 270.632080078125 193.99560546875 409.7607727050781 273.5440979003906 4.044171 1.4626409 1.6158003 -5.9787326 2.0022674 16.372313 1.5801119804382324 0.9978146553039551
Car 0.0 0 2.0642311573028564 57.2819938659668 202.70289611816406 309.2987060546875 340.4909362792969 3.7195735 1.4935408 1.5336782 -5.940956 2.0062432 10.506544 1.5496013164520264 0.9881868958473206
Car 0.0 0 -1.7466354370117188 693.9779052734375 176.00135803222656 792.84423828125 241.74295043945312 4.263483 1.4631615 1.7172645 3.2072134 1.5530808 18.394848 -1.5740166902542114 0.9878496527671814
Car 0.0 0 1.770465612411499 439.0242919921875 187.55201721191406 494.8916931152344 225.80685424804688 3.6223788 1.4150926 1.5831689 -5.8992276 2.0615036 29.897516 1.5756531953811646 0.9876882433891296
Car 0.0 0 -1.711350679397583 674.853759765625 173.56033325195312 743.2291870117188 226.5906524658203 4.0749493 1.6021719 1.6648597 3.1391578 1.6279283 23.896763 -1.580735206604004 0.9835874438285828
Car 0.0 0 2.454829454421997 1001.2368774414062 134.35794067382812 1242.0 237.3639373779297 3.9544892 1.6305268 1.6031281 9.027221 1.0215138 12.327228 3.0869054794311523 0.9791814088821411
Car 0.0 0 -1.6976072788238525 659.2601928710938 177.1690216064453 702.6627807617188 211.93258666992188 3.8077872 1.5082221 1.5364262 3.2194982 1.7216992 33.706894 -1.6023815870285034 0.9739503264427185
Car 0.0 0 -0.6519203186035156 890.2069091796875 153.75274658203125 1075.6732177734375 221.74765014648438 3.790414 1.5339905 1.5894381 8.886647 1.1034173 17.395966 -0.17963413894176483 0.9261085391044617
Car 0.0 0 2.5063583850860596 948.8070678710938 139.3748779296875 1169.3436279296875 222.9482421875 3.6298764 1.609914 1.5750458 9.088698 0.9653473 14.836395 3.0559873580932617 0.7917658090591431
Car 0.0 0 2.3215036392211914 0.0 220.8365478515625 141.24806213378906 375.0 3.7611175 1.4849263 1.5310711 -5.857837 2.0064046 5.9320683 1.5424014329910278 0.7859528660774231
Car 0.0 0 -1.6244174242019653 652.798828125 180.92446899414062 685.6205444335938 208.99945068359375 4.021697 1.4033995 1.5562435 3.1401207 1.8656613 39.26309 -1.544610857963562 0.6339082717895508
Car 0.0 0 -1.7773854732513428 753.2575073242188 169.63296508789062 801.9550170898438 200.90611267089844 3.9644518 1.4570267 1.548649 8.167126 1.3073155 35.61042 -1.5519378185272217 0.5991873145103455
Car 0.0 0 -1.7227317094802856 751.7322998046875 169.89785766601562 888.1403198242188 280.2543640136719 3.8470118 1.6184016 1.6565722 3.4204257 1.5754069 12.583674 -1.4573293924331665 0.5723993182182312
Car 0.0 0 1.7650365829467773 479.3615417480469 182.91683959960938 523.2462768554688 212.7468719482422 3.9130878 1.4825569 1.6331104 -5.8822217 2.0573256 39.19287 1.6160645484924316 0.4034198820590973
Car 0.0 0 -0.5816577076911926 821.5944213867188 158.58042907714844 988.6226806640625 216.99098205566406 4.1219277 1.5413327 1.6317812 8.186457 1.1650407 20.241238 -0.19732576608657837 0.3423874080181122
Car 0.0 0 1.6812176704406738 519.7506713867188 181.74436950683594 544.7123413085938 201.0487060546875 3.597041 1.351365 1.4708408 -5.8127303 2.0388906 53.9667 1.573921799659729 0.33070552349090576
