Car 0.0 0 -1.6994365453720093 662.9497680664062 180.00277709960938 730.7390747070312 233.346435546875 3.7825818 1.4901276 1.6102114 2.5820355 1.7329434 22.566 -1.585510492324829 0.9982130527496338
Car 0.0 0 -1.8444440364837646 704.1970825195312 186.11502075195312 871.4885864257812 296.115234375 4.0011706 1.418167 1.5627265 2.6375976 1.6735187 11.831529 -1.625101089477539 0.9971266388893127
Car 0.0 0 -2.6910271644592285 203.16668701171875 165.9343719482422 416.3943176269531 257.9765930175781 3.7357073 1.7948142 1.6955384 -6.194623 1.6602398 15.024509 -3.082092761993408 0.9916802048683167
Car 0.0 0 -1.6515535116195679 641.6112670898438 177.6628875732422 679.3230590820312 210.87689208984375 4.0638275 1.6224815 1.6409117 2.5600019 1.8889198 37.877987 -1.5840706825256348 0.9418622851371765
Car 0.0 0 -2.496406316757202 0.0 181.12510681152344 326.9831848144531 304.1927185058594 4.4857225 1.5561377 1.6484587 -6.623988 1.6850733 10.233233 -3.0708823204040527 0.9399713277816772
Car 0.0 0 -2.804716110229492 302.4396667480469 185.8255157470703 463.8440246582031 242.32969665527344 3.980558 1.4728312 1.5897653 -6.274771 1.8493934 20.061932 -3.107846975326538 0.9260854721069336
Car 0.0 0 -2.8022849559783936 336.88189697265625 177.7736053466797 479.49798583984375 235.28408813476562 4.037664 1.7370265 1.6776813 -6.3907204 1.9003791 22.9299 -3.07409405708313 0.9139347672462463
Car 0.0 0 -1.5972099304199219 628.4180297851562 178.23081970214844 652.7625732421875 201.18223571777344 4.229138 1.5508386 1.6298941 2.1353514 1.9536247 51.87452 -1.5560693740844727 0.837916910648346
Car 0.0 0 -1.6837365627288818 650.844482421875 180.19070434570312 704.1822509765625 222.5615692138672 4.008994 1.51143 1.6357597 2.5473604 1.8217698 28.459524 -1.5944663286209106 0.8085759282112122
Car 0.0 0 0.2657255530357361 366.41387939453125 179.20458984375 489.4169006347656 229.6411895751953 3.9058473 1.692696 1.521418 -6.3458033 1.9220002 25.21158 0.019145727157592773 0.4429636299610138
Car 0.0 0 -2.7300543785095215 264.9875183105469 183.50439453125 445.8064270019531 251.24166870117188 3.8379774 1.5293436 1.5384414 -6.1404867 1.8012002 17.482065 -3.067837953567505 0.4356843829154968
Car 0.0 0 0.16803276538848877 418.89288330078125 179.29054260253906 510.94384765625 217.99269104003906 3.7669811 1.6479392 1.6521971 -6.398044 1.9407208 31.895866 -0.029931625351309776 0.41594287753105164
Car 0.0 0 1.7756065130233765 514.1034545898438 181.4921417236328 550.149169921875 205.13914489746094 3.992283 1.4410855 1.5836242 -5.114342 2.0353324 47.540558 1.6684401035308838 0.41576623916625977
