Pedestrian 0.0 0 -0.06475520133972168 1058.254150390625 142.83206176757812 1156.678466796875 298.6339111328125 0.9317727 1.7588146 0.49929908 5.841711 1.4202609 8.59408 0.5322413444519043 0.6121780872344971
Car 0.0 0 -1.800612211227417 722.8843994140625 185.07420349121094 854.5321655273438 281.4544982910156 3.4750664 1.4745933 1.5429099 3.0640006 1.7282932 13.216674 -1.572808027267456 0.9920475482940674
Car 0.0 0 0.6093387007713318 0.0 182.03480529785156 242.35626220703125 344.7073059082031 3.8513155 1.561714 1.6044102 -6.4570665 1.6754297 7.9682198 -0.07168290764093399 0.9765808582305908
Car 0.0 0 -0.29766911268234253 700.003662109375 179.09051513671875 820.0914306640625 217.32943725585938 4.7471294 1.562744 1.691231 6.3344903 1.83945 30.90142 -0.09547987580299377 0.9756678938865662
Car 0.0 0 3.456033945083618 257.77349853515625 180.71522521972656 424.1984558105469 247.4989013671875 3.4698775 1.5285071 1.6346886 -6.511981 1.7303619 17.60572 3.1017606258392334 0.9634968042373657
Car 0.0 0 -2.537100076675415 30.124040603637695 184.54595947265625 365.1783752441406 298.78125 4.045239 1.4836997 1.6761879 -5.961109 1.672376 10.598201 -3.04946231842041 0.9625071883201599
Car 0.0 0 0.10880881547927856 466.6083984375 173.93186950683594 536.0765991210938 205.448486328125 3.8094203 1.7789496 1.7162192 -6.272875 1.843035 41.72263 -0.04042055085301399 0.8741687536239624
Car 0.0 0 -3.4021525382995605 782.715576171875 180.91477966308594 940.6061401367188 237.41246032714844 3.918357 1.5005527 1.6326586 6.9580135 1.7392156 20.38001 -3.0731475353240967 0.8291795253753662
Car 0.0 0 0.03181453049182892 429.8786315917969 180.11273193359375 513.946044921875 209.71636962890625 4.0724845 1.4232464 1.6611811 -6.9561768 1.8011152 36.3839 -0.1570940911769867 0.8188515305519104
Car 0.0 0 -2.682548999786377 122.34326934814453 175.9668426513672 396.5111083984375 271.6337890625 4.128082 1.5945418 1.6174828 -6.178647 1.6542227 12.912923 -3.1288373470306396 0.7729294300079346
Car 0.0 0 -3.345519781112671 746.4689331054688 178.5752716064453 890.130615234375 228.01339721679688 4.1551557 1.4954396 1.5983701 6.4970284 1.6855907 22.987324 -3.0700690746307373 0.5059353709220886
