Car 0.0 0 -1.8290222883224487 716.817626953125 172.9918670654297 913.3427124023438 311.2117004394531 4.146492 1.6214665 1.6530116 2.6642509 1.6242381 10.54788 -1.581610918045044 0.9959433674812317
Car 0.0 0 -2.4734652042388916 0.0 193.9205322265625 278.8381652832031 350.30133056640625 4.036536 1.5272626 1.6531867 -6.186968 1.7905567 8.139758 -3.123394250869751 0.9900332093238831
Car 0.0 0 -2.6103241443634033 31.977205276489258 182.7777862548828 353.76318359375 302.83966064453125 3.8572712 1.6250637 1.6479021 -6.0975823 1.7851758 10.758631 -3.1259453296661377 0.988772451877594
Car 0.0 0 -1.6892679929733276 658.7876586914062 175.3982696533203 717.9921264648438 223.8887939453125 4.097983 1.582643 1.612368 2.6782806 1.6813389 25.824171 -1.5859253406524658 0.9724918603897095
Car 0.0 0 -1.7743561267852783 685.114990234375 180.1741943359375 793.790283203125 256.75006103515625 3.882605 1.4885485 1.6342525 2.7439146 1.6750093 16.370453 -1.6082860231399536 0.970476508140564
Car 0.0 0 -1.6394131183624268 642.4144287109375 175.69447326660156 675.6795043945312 206.54176330566406 3.6984577 1.5932016 1.5557271 2.6038706 1.7561826 39.45552 -1.5735136270523071 0.9693892598152161
Car 0.0 0 0.17962926626205444 446.8467712402344 178.98150634765625 537.2407836914062 209.29229736328125 4.3204036 1.4931957 1.6463054 -5.996938 1.813005 36.752274 0.017882823944091797 0.8858864903450012
Car 0.0 0 3.477261781692505 120.208251953125 190.24195861816406 361.1734924316406 283.93023681640625 3.5651183 1.5153133 1.5467154 -6.5592446 1.8539726 13.036825 3.0111117362976074 0.7122402787208557
Car 0.0 0 0.14472083747386932 496.425048828125 174.59164428710938 549.6748046875 196.41949462890625 3.9076962 1.6643357 1.6628087 -6.749427 1.8017597 56.03302 0.024843931198120117 0.6758742332458496
Car 0.0 0 0.39777079224586487 355.85040283203125 181.9186248779297 484.61651611328125 229.70867919921875 3.8410776 1.5032225 1.6350054 -6.3572693 1.8209506 24.18096 0.1406846046447754 0.6711938977241516
Car 0.0 0 -1.49795401096344 541.478515625 172.46766662597656 561.548828125 190.44810485839844 3.7492719 1.6614407 1.633984 -5.548585 1.6260996 68.55033 -1.5787197351455688 0.4965393841266632
