Car 0.0 0 0.2741873264312744 334.517822265625 184.1079864501953 485.389892578125 237.4752655029297 3.9622161 1.4737942 1.5998992 -5.8083515 1.8155527 21.075428 0.005264997482299805 0.9921945333480835
Car 0.0 0 -1.7697806358337402 698.3792114257812 178.51669311523438 776.0198364257812 235.44212341308594 3.7839787 1.5801095 1.6262074 3.7891395 1.7707183 22.322744 -1.6016398668289185 0.9919258952140808
Car 0.0 0 -1.748076319694519 716.64013671875 182.764404296875 813.0011596679688 253.42652893066406 3.4867735 1.4699786 1.634458 3.5381267 1.7317294 17.265074 -1.545945167541504 0.9753236770629883
Car 0.0 0 0.5708811283111572 216.76925659179688 177.61077880859375 441.215576171875 265.5977783203125 3.8575814 1.5697037 1.5910151 -5.504684 1.6710863 14.158329 0.2000715732574463 0.9665487408638
Car 0.0 0 0.30572664737701416 404.32611083984375 179.3770751953125 513.8184814453125 222.43113708496094 3.6495206 1.5103506 1.5396713 -5.552072 1.7592643 26.54344 0.09953022003173828 0.9348704814910889
Car 0.0 0 -1.594993233680725 684.770751953125 180.5854949951172 717.71728515625 213.7777557373047 3.6334145 1.5216653 1.5258313 4.4511614 1.9262311 35.836273 -1.4714179039001465 0.7946544289588928
Car 0.0 0 -2.911892890930176 447.7292175292969 177.8744354248047 537.1635131835938 216.83531188964844 3.5357213 1.6190255 1.6204966 -5.0734973 1.842601 31.149174 -3.073352575302124 0.7821694612503052
Car 0.0 0 0.11773566901683807 431.12890625 179.35794067382812 535.7323608398438 218.24061584472656 3.912848 1.4728581 1.6827091 -4.9899354 1.7395253 28.59352 -0.0550372451543808 0.7100881934165955
Car 0.0 0 -2.9191150665283203 455.681640625 180.60531616210938 552.1063842773438 212.30799865722656 4.1974936 1.4146509 1.5934266 -4.940751 1.7864234 33.61582 -3.065047264099121 0.47271108627319336
Car 0.0 0 -2.943136215209961 512.0420532226562 176.02264404296875 569.5650634765625 199.0532989501953 3.7114313 1.5515829 1.6288986 -4.788815 1.7754099 49.883312 -3.0388431549072266 0.32084938883781433
