Pedestrian 0.0 0 -1.3256354331970215 453.7157897949219 170.643310546875 473.11981201171875 210.84616088867188 0.7320581 1.7191025 0.66642696 -6.3812494 1.6249298 31.230923 -1.5271859169006348 0.4278353154659271
Car 0.0 0 -1.8719093799591064 767.8994140625 183.04074096679688 978.3987426757812 332.0986633300781 3.507036 1.5157413 1.5019106 3.0966485 1.6730016 9.343414 -1.5518766641616821 0.9965035915374756
Car 0.0 0 -1.742073893547058 679.9094848632812 180.20130920410156 785.000732421875 251.00735473632812 4.36628 1.3909414 1.6452118 2.647829 1.584982 16.822388 -1.5859556198120117 0.9953450560569763
Car 0.0 0 1.7556838989257812 427.8274230957031 180.1300811767578 503.5357971191406 232.49847412109375 4.0819507 1.5226995 1.6997858 -4.658034 1.7816975 23.596058 1.560782551765442 0.9941293001174927
Car 0.0 0 1.7490828037261963 465.3196105957031 173.88316345214844 523.7645263671875 221.2861785888672 3.9818194 1.7663686 1.6356045 -4.599698 1.8109274 28.978476 1.5916680097579956 0.9873825907707214
Car 0.0 0 -1.700538158416748 666.6107177734375 175.57110595703125 731.9953002929688 228.83566284179688 3.7256353 1.5628729 1.5996184 2.7460647 1.6577765 23.231771 -1.5828810930252075 0.9816092848777771
Car 0.0 0 -2.126375675201416 860.8234252929688 183.37852478027344 1242.0 375.0 3.4291322 1.5420014 1.563722 2.9483564 1.635972 4.696677 -1.5657985210418701 0.9618544578552246
Car 0.0 0 2.2463390827178955 0.0 205.93524169921875 232.4713134765625 375.0 3.491802 1.4801973 1.500432 -4.3532476 1.796021 5.1102633 1.5407640933990479 0.9460744857788086
Car 0.0 0 3.5627646446228027 153.67721557617188 174.31454467773438 337.2365417480469 229.91262817382812 3.957658 1.3714547 1.5612148 -9.391496 1.411443 18.708227 3.097519874572754 0.9292981624603271
Car 0.0 0 1.7461142539978027 489.3341369628906 177.1608123779297 538.68115234375 211.42259216308594 4.076542 1.5140444 1.651041 -4.5573907 1.7325745 34.47592 1.6146857738494873 0.910498857498169
Car 0.0 0 -1.6623070240020752 653.7637939453125 178.0225067138672 699.4650268554688 215.4405975341797 3.8716905 1.5083712 1.6293095 2.8118498 1.7486784 31.556751 -1.573437213897705 0.8154327869415283
