Pedestrian 0.0 0 2.6998097896575928 11.682915687561035 145.32278442382812 74.96082305908203 233.42091369628906 0.8773883 1.7850219 0.5877099 -11.932274 1.2275494 15.140528 2.0323662757873535 0.7920737266540527
Pedestrian 0.0 0 1.0872762203216553 449.33306884765625 176.99342346191406 474.8240966796875 225.41558837890625 0.6359234 1.6210155 0.630084 -5.1044974 1.7654985 24.673832 0.883275032043457 0.4292631149291992
Car 0.0 0 -1.718666434288025 668.2077026367188 176.7858123779297 747.1832275390625 240.87330627441406 3.9374166 1.627916 1.6383137 2.6292944 1.7511108 20.554144 -1.5914369821548462 0.9917649626731873
Car 0.0 0 -1.6562612056732178 635.463134765625 178.77760314941406 668.305908203125 205.696044921875 4.148755 1.522478 1.6337862 2.4645526 1.8998836 43.827126 -1.6000868082046509 0.9792359471321106
Car 0.0 0 -1.6782971620559692 649.2821655273438 181.56439208984375 697.1350708007812 218.33790588378906 4.148033 1.4545857 1.6378399 2.6617563 1.8619797 31.621954 -1.5943207740783691 0.9727069139480591
Car 0.0 0 -2.6109790802001953 199.4539031982422 179.57411193847656 408.26593017578125 254.51968383789062 3.8339565 1.4804093 1.6282456 -6.5461464 1.6349741 15.496954 -3.0106582641601562 0.9662948846817017
Car 0.0 0 0.316578209400177 283.0386657714844 180.4525146484375 454.7557067871094 235.39993286132812 4.273226 1.4579737 1.5757607 -6.6898065 1.6790361 20.158775 -0.003841976635158062 0.9231172204017639
Car 0.0 0 -1.7129697799682617 657.1161499023438 185.0728302001953 715.58984375 231.13818359375 3.5454407 1.5188053 1.6379913 2.695664 1.9993658 26.549057 -1.611781358718872 0.836159348487854
Car 0.0 0 0.14942246675491333 426.24261474609375 176.89926147460938 517.8292236328125 211.65728759765625 4.055731 1.5918659 1.6929616 -6.5168204 1.7890679 34.18271 -0.03896356374025345 0.8075677156448364
Car 0.0 0 3.1889655590057373 477.0559387207031 177.1014404296875 537.4217529296875 203.19970703125 3.7960162 1.6416323 1.6635075 -6.6430182 1.9229327 46.71683 3.047714948654175 0.6628571152687073
Car 0.0 0 0.3092690706253052 353.8934631347656 181.79415893554688 484.9441833496094 225.4441375732422 4.1070004 1.4392536 1.6185449 -6.605178 1.7616912 25.077139 0.05172419548034668 0.6258977055549622
Car 0.0 0 -2.7287373542785645 268.2552185058594 185.13966369628906 438.1781311035156 249.52601623535156 3.6317685 1.4772488 1.5594901 -6.3111944 1.7963365 17.807474 -3.069337844848633 0.5850532650947571
Car 0.0 0 3.1025750637054443 461.09210205078125 180.3881072998047 528.9564819335938 208.1068572998047 3.8145978 1.5368346 1.6735331 -6.720077 1.9866779 41.848263 2.943352460861206 0.5439602732658386
Car 0.0 0 -2.9034790992736816 372.9886169433594 177.2187957763672 499.97314453125 220.64346313476562 4.3951726 1.5804932 1.6848158 -6.530406 1.7510213 27.27852 -3.1384541988372803 0.4950050413608551
Car 0.0 0 -1.8320412635803223 846.41943359375 168.646240234375 882.7223510742188 188.76226806640625 4.1572447 1.4798335 1.5929674 19.400427 1.1706468 55.210625 -1.4941293001174927 0.4256213903427124
