Car 0.0 0 1.7797268629074097 358.5552673339844 185.041748046875 492.28717041015625 273.4767150878906 3.8622165 1.4505078 1.6865383 -3.3539894 1.4487858 13.742759 1.5403512716293335 0.998257577419281
Car 0.0 0 1.9718966484069824 36.833702087402344 204.51467895507812 423.4505615234375 376.0 4.2079496 1.3858757 1.6772312 -3.1987727 1.6338961 7.0690975 1.5469650030136108 0.9942584037780762
Car 0.0 0 -1.5507701635360718 552.31640625 179.9375 617.8141479492188 236.67950439453125 3.5176332 1.4613905 1.6873168 -0.6508923 1.3265818 20.279217 -1.5828557014465332 0.9870342016220093
Car 0.0 0 1.9576165676116943 231.47950744628906 179.3395233154297 359.0140686035156 242.26797485351562 3.928042 1.4348541 1.6108736 -7.8555226 1.3020008 18.364836 1.5534206628799438 0.9799740314483643
Car 0.0 0 1.7281399965286255 448.0165100097656 181.14817810058594 526.1245727539062 239.4670867919922 3.939988 1.5328236 1.6313828 -3.439885 1.4270463 20.865145 1.5647469758987427 0.9751717448234558
Car 0.0 0 1.8562047481536865 331.5218200683594 179.46725463867188 385.9468078613281 208.90074157714844 3.8386502 1.431798 1.6262158 -12.748095 1.1532953 36.920578 1.5237371921539307 0.9664004445075989
Car 0.0 0 -1.547580599784851 510.2199401855469 174.1055145263672 549.2118530273438 210.93438720703125 3.5491564 1.5281678 1.6126965 -3.4303968 1.0682968 31.66069 -1.6555083990097046 0.8723352551460266
Car 0.0 0 2.36277437210083 0.0 200.47164916992188 117.25863647460938 376.0 3.6294026 1.4869223 1.5689671 -7.627666 1.6984825 8.070696 1.6055901050567627 0.7722265124320984
Car 0.0 0 1.7759780883789062 382.8490905761719 174.16004943847656 438.16644287109375 211.50758361816406 3.781932 1.4797118 1.5174109 -8.307361 1.042818 30.411352 1.5093172788619995 0.5479776859283447
Car 0.0 0 2.0466108322143555 217.96592712402344 184.8420867919922 310.9295959472656 228.26815795898438 3.7059722 1.4902065 1.5712748 -12.598706 1.4785174 26.54208 1.6034324169158936 0.512078583240509
Car 0.0 0 1.8563486337661743 441.3933410644531 172.322998046875 483.4266357421875 198.23556518554688 3.6611507 1.500186 1.5249819 -8.771219 0.7549063 43.50344 1.6573946475982666 0.3584953546524048
