Car 0.0 0 -0.48491838574409485 828.9049072265625 189.73617553710938 1105.7662353515625 282.57257080078125 4.1629224 1.5087317 1.6844441 6.229669 1.834296 12.977077 -0.037356287240982056 0.9901092052459717
Car 0.0 0 -0.6537991762161255 983.0452270507812 191.7546844482422 1242.0 330.60888671875 4.104329 1.4606932 1.5531869 6.8644166 1.7083538 8.623682 0.018495559692382812 0.9819995164871216
Car 0.0 0 3.501861810684204 214.37600708007812 188.78453063964844 421.8961486816406 265.0500793457031 3.7333658 1.4870805 1.6603838 -6.114169 1.8443639 15.296023 3.1215944290161133 0.9685469269752502
Car 0.0 0 -1.6162147521972656 644.4108276367188 190.60804748535156 672.1439208984375 216.75991821289062 3.8010652 1.5333123 1.6170462 3.0647795 2.7329328 46.819916 -1.5508490800857544 0.9537605047225952
Car 0.0 0 0.4894234538078308 355.5853271484375 186.17013549804688 495.75970458984375 238.50588989257812 3.9678035 1.4978672 1.5598997 -5.7663493 1.9361315 22.498701 0.2385270595550537 0.9494290351867676
Car 0.0 0 0.23996548354625702 394.7272033691406 183.73550415039062 508.5021057128906 226.51025390625 3.9456944 1.5460294 1.6106199 -5.9906645 1.9719667 27.363564 0.024437427520751953 0.9433460831642151
Car 0.0 0 0.355182021856308 271.1424560546875 188.9680633544922 466.52252197265625 250.7308349609375 4.2573147 1.397073 1.5073999 -5.833121 1.8085202 17.577307 0.03476238250732422 0.934960126876831
Car 0.0 0 -2.858656167984009 473.0487976074219 185.47244262695312 540.126708984375 213.17181396484375 3.4512649 1.4885857 1.5487903 -5.844147 2.2183917 40.69987 -3.001272678375244 0.9050904512405396
Car 0.0 0 2.788435459136963 777.7161254882812 191.04002380371094 933.54638671875 247.65162658691406 3.8473775 1.4886568 1.6126842 6.814646 2.0248375 20.391344 3.110959529876709 0.8856830596923828
Car 0.0 0 -0.2695428133010864 756.66455078125 190.59495544433594 892.5681762695312 238.93081665039062 3.8360136 1.4319425 1.5242664 6.6452203 2.0110016 22.743145 0.014729499816894531 0.7814403772354126
Car 0.0 0 -2.815544843673706 368.7848205566406 185.65069580078125 491.64349365234375 231.94277954101562 3.793936 1.4981349 1.5828682 -6.174587 1.9553897 24.814774 -3.0594191551208496 0.6469669938087463
Car 0.0 0 -1.5260348320007324 544.39208984375 188.1000518798828 565.2225341796875 206.35159301757812 3.6479046 1.4818823 1.6688985 -4.853366 2.863535 63.51941 -1.6022943258285522 0.639980673789978
Car 0.0 0 0.6385341882705688 0.0 154.2571563720703 303.807373046875 369.37652587890625 4.110142 1.9446896 1.7806218 -5.642512 1.7769313 7.4324656 -0.010810574516654015 0.6262613534927368
Car 0.0 0 2.940986394882202 701.060791015625 193.48477172851562 790.2352905273438 230.57077026367188 3.6713834 1.5698253 1.6467164 5.9925575 2.5195804 32.346146 3.1241729259490967 0.41153356432914734
