Pedestrian 0.0 0 1.1823259592056274 710.4518432617188 137.56130981445312 791.40478515625 327.08270263671875 0.69237834 1.768351 0.5586158 1.375088 1.369405 6.9857883 1.376681923866272 0.9370357990264893
Pedestrian 0.0 0 1.1713136434555054 769.850830078125 140.07362365722656 815.55810546875 251.9429473876953 0.636563 1.766263 0.5096351 3.0024428 1.129642 11.509975 1.4264830350875854 0.904198944568634
Pedestrian 0.0 0 0.9254674911499023 806.7957153320312 127.66311645507812 890.4929809570312 309.446044921875 0.65466887 1.7557008 0.5159356 2.4236286 1.2470865 7.215911 1.2495018243789673 0.8463587164878845
Pedestrian 0.0 0 1.70838463306427 451.458984375 135.58314514160156 481.8774108886719 213.97830200195312 0.68843347 1.7979085 0.61329955 -3.274327 0.76939726 16.571703 1.5133118629455566 0.7422316670417786
Pedestrian 0.0 0 1.52824068069458 521.7832641601562 136.03028869628906 549.2725830078125 216.35179138183594 0.5200286 1.8931869 0.63319075 -1.7097303 0.846635 16.962738 1.4277867078781128 0.5740418434143066
Pedestrian 0.0 0 1.360306978225708 607.5482177734375 140.1825408935547 655.180908203125 255.7760772705078 0.73949516 1.7272116 0.59400696 0.35279825 1.1264449 10.976404 1.39243745803833 0.5041100978851318
Pedestrian 0.0 0 -0.23592036962509155 554.6898803710938 131.63478088378906 614.0453491210938 229.71844482421875 1.0012969 1.7434593 0.47150648 -0.4248829 0.8765117 12.923222 -0.2687860131263733 0.450200617313385
Pedestrian 0.0 0 1.3393362760543823 646.4063110351562 134.7470245361328 696.0819091796875 252.5531005859375 0.68919635 1.7341393 0.60959417 0.9542706 1.0623055 10.787566 1.4275668859481812 0.4000511169433594
Pedestrian 0.0 0 -1.8231089115142822 606.5672607421875 138.8653106689453 631.623779296875 208.82662963867188 0.599239 1.6744468 0.47559083 0.30206257 0.6795687 17.264187 -1.8056142330169678 0.37031781673431396
Pedestrian 0.0 0 0.8336439728736877 516.4005737304688 134.51332092285156 568.519775390625 242.40823364257812 0.7684582 1.7205837 0.4613907 -1.0838578 0.9888959 11.69983 0.7412688732147217 0.30544087290763855
