Car 0.0 0 -1.7720485925674438 696.9521484375 181.64393615722656 794.6692504882812 252.5289306640625 3.560214 1.4635864 1.5694597 3.058139 1.6946985 17.140173 -1.595487117767334 0.9956602454185486
Car 0.0 0 2.8927533626556396 692.809814453125 179.37115478515625 800.8021240234375 214.17930603027344 4.839577 1.6073561 1.6399931 6.482542 1.9295251 34.653286 3.0776846408843994 0.9849705696105957
Car 0.0 0 0.5620917081832886 0.0 178.8733673095703 327.8227233886719 307.7657165527344 4.119667 1.532515 1.7038609 -6.176159 1.6197737 9.536139 -0.012635539285838604 0.979530930519104
Car 0.0 0 0.45641958713531494 81.19554138183594 183.0555877685547 364.33221435546875 284.75152587890625 3.8110867 1.5349842 1.5874795 -6.277611 1.7157162 11.906483 -0.02878420427441597 0.972345232963562
Car 0.0 0 -2.5905556678771973 201.41717529296875 180.20648193359375 437.00079345703125 260.4096984863281 4.2068086 1.4759058 1.6292994 -5.8806567 1.6373099 14.644398 -2.972409248352051 0.9247735738754272
Car 0.0 0 -3.3821425437927246 751.7275390625 181.20724487304688 884.718505859375 228.62139892578125 4.01565 1.5139959 1.629176 6.8677697 1.8051996 24.23445 -3.10599422454834 0.9150652289390564
Car 0.0 0 -2.8383944034576416 335.31768798828125 182.31509399414062 466.260498046875 234.88766479492188 3.439188 1.4926757 1.6534442 -6.2559447 1.7884068 21.659119 -3.1195783615112305 0.8841448426246643
Car 0.0 0 3.1374900341033936 455.3061218261719 180.17893981933594 529.0081787109375 206.46200561523438 3.9783795 1.4025192 1.6131337 -6.5972557 1.8229638 40.252373 2.975037097930908 0.7447240948677063
Car 0.0 0 0.3448234796524048 235.56716918945312 173.0595245361328 447.893310546875 248.53367614746094 4.3207273 1.6681647 1.690999 -6.1741743 1.673557 16.810652 -0.0071596503257751465 0.7135142087936401
Car 0.0 0 0.6318074464797974 0.0 190.0867156982422 197.73329162597656 373.2887268066406 3.6416802 1.5332689 1.7220662 -6.52929 1.7321223 7.26984 -0.09997577220201492 0.6103713512420654
Car 0.0 0 0.047324471175670624 480.8876037597656 174.7605743408203 542.4755249023438 201.52430725097656 3.793505 1.6538296 1.7363929 -6.2238903 1.7778404 45.76195 -0.08785190433263779 0.5567549467086792
Car 0.0 0 0.38364148139953613 404.7559814453125 174.46803283691406 506.0375061035156 215.1194305419922 3.9094324 1.6743226 1.6724755 -6.642407 1.74655 30.966568 0.17234086990356445 0.3825925290584564
