Car 0.0 0 2.072077751159668 114.86325073242188 194.7295684814453 346.08636474609375 308.96917724609375 4.058034 1.4437652 1.5916587 -6.023674 1.8690829 11.958629 1.6054670810699463 0.9981531500816345
Car 0.0 0 -1.8750368356704712 746.55419921875 176.67530822753906 969.41455078125 324.7708740234375 4.0825243 1.5870494 1.623526 3.0290477 1.6505965 9.881896 -1.5776046514511108 0.9975826740264893
Car 0.0 0 1.8673152923583984 334.71630859375 179.788330078125 447.19805908203125 245.4812774658203 4.6448603 1.5920911 1.7266521 -6.0318437 1.8099972 20.304714 1.57855224609375 0.9924875497817993
Car 0.0 0 1.7659642696380615 407.4021911621094 182.91160583496094 473.5609130859375 228.45237731933594 3.9746597 1.5041635 1.6430771 -6.2323756 1.9052609 26.732485 1.536916971206665 0.9675155878067017
Car 0.0 0 2.321464776992798 0.0 206.04837036132812 158.0309295654297 375.0 3.973196 1.5851947 1.5864998 -5.954627 1.9627461 6.19818 1.5561047792434692 0.9185940027236938
Car 0.0 0 1.7165669202804565 545.7042846679688 177.4220428466797 578.288818359375 201.08973693847656 3.8521643 1.5166397 1.6670208 -3.2473094 1.8397231 48.986736 1.650374174118042 0.9104601144790649
Car 0.0 0 1.7656110525131226 514.1112060546875 180.17713928222656 542.739990234375 201.6632080078125 3.2685447 1.4691517 1.4536126 -5.895685 2.0161996 52.173283 1.6530864238739014 0.698550283908844
Car 0.0 0 -0.11332902312278748 837.9927368164062 162.50192260742188 922.2186279296875 192.2418975830078 4.0557017 1.5387572 1.6709391 14.34916 1.0034945 38.627575 0.24234724044799805 0.6889327764511108
Car 0.0 0 1.7389309406280518 464.6591491699219 180.49212646484375 510.0531921386719 211.95755004882812 4.115191 1.4843233 1.6349137 -6.277614 1.8991436 37.091583 1.5712733268737793 0.4093652665615082
Car 0.0 0 -1.6144542694091797 640.5634155273438 173.6068115234375 662.67578125 192.07040405273438 3.666206 1.451264 1.6323076 3.3341348 1.5147979 58.705105 -1.5577205419540405 0.36911696195602417
