Car 0.0 0 -0.46299248933792114 796.400146484375 183.90530395507812 1046.0360107421875 272.84002685546875 4.0962915 1.5557879 1.6155516 5.7836146 1.7818824 13.794488 -0.06598521023988724 0.9957276582717896
Car 0.0 0 -2.6477794647216797 135.9354705810547 178.81967163085938 384.7010192871094 267.5149230957031 3.9381888 1.5512664 1.6186962 -6.5389905 1.6718549 13.638434 -3.0948548316955566 0.9863253235816956
Car 0.0 0 -1.641624927520752 643.789306640625 181.56617736816406 691.8997192382812 220.8023681640625 3.6479383 1.3862 1.6005281 2.1516707 1.7483121 28.129208 -1.5652811527252197 0.9848393201828003
Car 0.0 0 -2.456188678741455 0.0 166.31539916992188 270.5977783203125 325.2144470214844 3.9259644 1.6821805 1.6919663 -6.4381413 1.6133176 8.560733 -3.101003646850586 0.980521559715271
Car 0.0 0 3.4250898361206055 322.4223327636719 179.7810821533203 469.4931335449219 230.91830444335938 3.9824073 1.4760877 1.597766 -6.4465284 1.693963 21.84857 3.1381759643554688 0.9761432409286499
Car 0.0 0 -2.7403130531311035 220.3863067626953 179.39427185058594 412.0205078125 249.94215393066406 3.7012377 1.5006123 1.5446597 -6.588845 1.6560111 16.297855 -3.1245007514953613 0.9112481474876404
Car 0.0 0 -1.6230779886245728 638.58056640625 178.69729614257812 675.2841796875 210.81944274902344 3.8022563 1.5492433 1.6915451 2.3473754 1.8679818 37.40149 -1.5603986978530884 0.904985785484314
Car 0.0 0 0.495419979095459 28.11473274230957 181.03916931152344 339.05157470703125 289.35870361328125 3.7785423 1.5035285 1.6019601 -6.370113 1.6384002 10.998445 -0.02955227717757225 0.8891398906707764
Car 0.0 0 0.3375075161457062 382.4490966796875 177.7207794189453 479.46221923828125 219.50503540039062 3.465423 1.6176747 1.6028347 -7.2250886 1.8209233 29.116365 0.09427523612976074 0.8080785274505615
Car 0.0 0 1.6445817947387695 551.5538940429688 178.67230224609375 575.7852172851562 199.62503051757812 3.7677639 1.4328331 1.480532 -3.3535311 1.8700365 52.28018 1.580524206161499 0.7843632698059082
Car 0.0 0 -2.7594709396362305 429.13238525390625 181.4464874267578 524.0161743164062 214.6168212890625 4.190746 1.5163792 1.657381 -6.4562016 1.9463181 34.844074 -2.9426815509796143 0.5850623846054077
Car 0.0 0 -1.6007983684539795 623.3794555664062 175.1429901123047 644.8175048828125 194.244873046875 3.809642 1.4148738 1.5376703 1.8098264 1.5983231 55.805065 -1.5683785676956177 0.41732484102249146
Car 0.0 0 0.25702494382858276 455.3487243652344 179.35716247558594 534.8286743164062 206.44088745117188 4.056224 1.4404604 1.6351002 -6.352402 1.8093612 39.873642 0.09903931617736816 0.33387133479118347
