Car 0.0 0 -1.7829198837280273 725.34326171875 180.22824096679688 846.4890747070312 266.278076171875 3.7063694 1.5193026 1.6459494 3.4312122 1.6912369 14.920793 -1.5568877458572388 0.994531512260437
Car 0.0 0 -1.8528051376342773 768.010498046875 185.7430419921875 969.6497802734375 323.1910705566406 3.6312628 1.462218 1.5582631 3.2267914 1.6716446 9.859802 -1.5365238189697266 0.9944201111793518
Car 0.0 0 -1.6955357789993286 677.7744750976562 180.5583953857422 730.4200439453125 222.1018524169922 3.623868 1.4960591 1.6064905 3.6041372 1.8197622 28.46651 -1.5695961713790894 0.9888105392456055
Car 0.0 0 0.4150567948818207 146.82997131347656 181.1201629638672 399.3208312988281 267.6438293457031 3.9555905 1.4962703 1.6326154 -6.201303 1.6608576 13.484739 -0.015979278832674026 0.9796971678733826
Car 0.0 0 0.36477136611938477 286.6230163574219 179.12017822265625 450.3713073730469 240.76947021484375 3.7468803 1.5229383 1.5709437 -6.2830467 1.6946565 18.8633 0.04324603080749512 0.9615135788917542
Car 0.0 0 0.7628805637359619 0.0 199.47254943847656 255.8738555908203 375.0 4.0309095 1.4216255 1.5878187 -5.6686726 1.6970817 6.560087 0.05024862289428711 0.8980057835578918
Car 0.0 0 -2.892897129058838 385.242919921875 181.2169647216797 517.1307373046875 222.6547088623047 4.335451 1.410924 1.67003 -5.6617084 1.7212763 25.836807 -3.1086206436157227 0.8395139575004578
Car 0.0 0 -2.9729421138763428 447.3711853027344 181.01231384277344 531.2506713867188 214.40457153320312 3.5716636 1.4739332 1.6051515 -5.5217657 1.857138 33.048885 -3.138491630554199 0.6262485384941101
Car 0.0 0 -2.862589120864868 343.2314758300781 185.39617919921875 494.2840270996094 235.8570556640625 3.9530685 1.3774725 1.602264 -5.5226655 1.7568008 20.955875 -3.1202681064605713 0.5988994836807251
Car 0.0 0 -2.8223516941070557 376.1005554199219 179.1215057373047 497.03082275390625 227.32923889160156 3.4693043 1.4791588 1.6268266 -5.600746 1.6905835 23.340334 -3.057858943939209 0.5160647034645081
Car 0.0 0 -0.059740692377090454 520.588134765625 176.4541473388672 573.31640625 197.4391632080078 4.063076 1.6172049 1.7292084 -5.0394764 1.9085 57.152523 -0.14768914878368378 0.4835832417011261
Car 0.0 0 -0.4322814643383026 712.6484375 179.51504516601562 796.549560546875 212.90838623046875 3.7534766 1.5698931 1.549898 7.0757685 1.9098066 35.586254 -0.23600700497627258 0.43425121903419495
Car 0.0 0 0.24081091582775116 412.5448913574219 178.28118896484375 519.9259033203125 221.2273406982422 3.8538995 1.613892 1.5706733 -5.610404 1.8329451 28.20233 0.044440507888793945 0.38886764645576477
Car 0.0 0 1.5641638040542603 536.799072265625 177.45401000976562 559.4506225585938 198.5906982421875 3.7821643 1.471598 1.6004086 -4.59033 1.8226085 53.04194 1.477837324142456 0.3084098696708679
