Car 0.0 0 -0.3625636398792267 751.0711669921875 182.26687622070312 947.6119384765625 250.18870544433594 4.2299085 1.5424039 1.6594324 5.6831436 1.7842604 17.57517 -0.0498138926923275 0.9943757057189941
Car 0.0 0 0.40452858805656433 77.33877563476562 173.4126434326172 364.1341247558594 271.96649169921875 3.9852133 1.5487632 1.6648353 -6.513382 1.5594437 12.3386345 -0.0811774805188179 0.9939112663269043
Car 0.0 0 0.34824368357658386 237.0462188720703 178.37571716308594 429.15399169921875 246.4397735595703 4.0174785 1.5525738 1.646143 -6.632365 1.693002 17.447447 -0.015020291320979595 0.9853380918502808
Car 0.0 0 -1.6408798694610596 637.9898681640625 180.7266082763672 679.6026611328125 214.7282257080078 3.6418545 1.3800498 1.5752554 2.0684094 1.7489899 31.953236 -1.576237678527832 0.9830222725868225
Car 0.0 0 2.424330234527588 985.7652587890625 176.71058654785156 1242.0 324.7897033691406 4.1490793 1.4132733 1.6473082 6.505132 1.4599713 7.7980223 3.119581460952759 0.9806052446365356
Car 0.0 0 0.27538058161735535 359.3886413574219 177.9874267578125 488.0404968261719 223.30711364746094 4.137691 1.5441685 1.6464217 -6.598501 1.7332467 25.651365 0.023601531982421875 0.959536612033844
Car 0.0 0 0.57256680727005 0.0 189.0913848876953 330.7654724121094 311.2633972167969 4.241043 1.4718918 1.6107651 -6.2454286 1.7090585 9.712564 0.001110076904296875 0.9420163035392761
Car 0.0 0 0.6943451166152954 0.0 188.31394958496094 267.7267150878906 369.4594421386719 4.244794 1.5880616 1.704635 -6.059127 1.7639439 7.3294063 0.0035419464111328125 0.9098970890045166
Car 0.0 0 0.2733613848686218 407.5677795410156 175.5164794921875 496.1145324707031 213.36886596679688 3.6489275 1.6728581 1.6073879 -7.2135687 1.7980506 32.920208 0.0576479434967041 0.8650985360145569
Car 0.0 0 -2.63037109375 188.7372589111328 180.76113891601562 405.9140319824219 260.8495178222656 3.7831511 1.510828 1.6215061 -6.378472 1.6845219 14.810659 -3.03703236579895 0.8352908492088318
Car 0.0 0 1.654077172279358 554.2122192382812 177.957763671875 577.7007446289062 196.67466735839844 3.4760544 1.3813344 1.5365219 -3.4136674 1.7899497 55.959473 1.5931501388549805 0.7574231028556824
Car 0.0 0 -1.6293796300888062 632.4371948242188 178.21743774414062 665.173583984375 206.81910705566406 3.8991795 1.5248781 1.6294864 2.134649 1.8456997 41.15382 -1.5775560140609741 0.694720447063446
Car 0.0 0 -2.8621671199798584 401.564697265625 172.63180541992188 506.55364990234375 214.75408935546875 3.7650688 1.6073729 1.5399363 -6.1395307 1.5992521 28.424633 -3.074892520904541 0.5552305579185486
Car 0.0 0 -2.7974092960357666 440.5377502441406 181.1527862548828 522.892822265625 210.1330108642578 3.9890952 1.4659154 1.6215152 -6.8156977 1.9195731 38.276577 -2.9736268520355225 0.40495121479034424
Car 0.0 0 0.768486738204956 305.1019592285156 176.9148712158203 444.6963195800781 233.4861602783203 3.737044 1.4548467 1.4880074 -6.660365 1.5775374 20.249743 0.45072150230407715 0.36985671520233154
