Car 0.0 0 1.7744311094284058 384.87158203125 184.39938354492188 462.0794982910156 235.6611328125 3.8545678 1.4595652 1.5806259 -5.686679 1.4374536 22.424742 1.5260769128799438 0.996960461139679
Car 0.0 0 -1.8089927434921265 671.24609375 179.15151977539062 808.8313598632812 277.7701416015625 3.6986458 1.5346138 1.5805457 2.1877024 1.4413795 13.084136 -1.6433225870132446 0.9969056248664856
Car 0.0 0 1.8458458185195923 300.6200256347656 189.21807861328125 415.8616943359375 262.9788513183594 3.4627197 1.4375879 1.5232196 -5.4495535 1.5375022 15.968524 1.5169707536697388 0.9898765683174133
Car 0.0 0 1.6049952507019043 536.4133911132812 181.7223663330078 580.4585571289062 220.5972137451172 3.5400994 1.5011755 1.6873544 -2.009561 1.3674101 29.552748 1.5371006727218628 0.9868006706237793
Car 0.0 0 2.056701183319092 0.0 193.244873046875 264.1425476074219 376.0 3.9724307 1.4325784 1.5929663 -4.9379225 1.5352844 7.0190754 1.4436298608779907 0.9799443483352661
Car 0.0 0 -1.6922590732574463 576.5911865234375 182.36830139160156 603.3854370117188 201.5303192138672 3.9158018 1.432284 1.6099485 -1.4289788 1.2205836 55.7825 -1.7178704738616943 0.8834894895553589
Car 0.0 0 1.6036134958267212 529.1876831054688 182.6255645751953 561.0255737304688 209.7760772705078 3.6677222 1.3892704 1.5880203 -3.3571887 1.2578666 38.653423 1.516977310180664 0.8787029385566711
Car 0.0 0 1.6847209930419922 463.0355529785156 180.9058380126953 495.58502197265625 205.89939880371094 3.3135638 1.4211388 1.532838 -7.595533 1.1772108 42.572002 1.5081626176834106 0.6928033828735352
Car 0.0 0 1.7462961673736572 421.52935791015625 185.60313415527344 478.269287109375 224.2066192626953 3.9455795 1.5176123 1.6713867 -6.6118245 1.5361573 30.300848 1.531457781791687 0.4984746277332306
Car 0.0 0 1.8097305297851562 365.79833984375 175.470703125 411.5216064453125 203.3214111328125 3.5555904 1.4491874 1.5909822 -11.926423 0.9432464 39.22097 1.5145323276519775 0.4322904348373413
