Pedestrian 0.0 0 -2.1450796127319336 952.9526977539062 137.8167266845703 1052.536865234375 307.51141357421875 0.6961586 1.7763797 0.6921442 4.2387915 1.4099642 7.92601 -1.6539850234985352 0.8453930020332336
Pedestrian 0.0 0 1.9505542516708374 362.68377685546875 158.46051025390625 407.9292297363281 249.61660766601562 0.7752686 1.7446594 0.60903096 -4.467731 1.4695367 14.21638 1.6460609436035156 0.567763090133667
Car 0.0 0 1.8051183223724365 348.8116455078125 180.9998779296875 516.16357421875 302.0735778808594 3.9882607 1.5328494 1.6385949 -2.6281347 1.6845453 11.401883 1.5785750150680542 0.9973944425582886
Car 0.0 0 1.2817013263702393 727.5736694335938 183.01153564453125 945.8903198242188 332.3599853515625 3.5734067 1.4581431 1.5726823 2.5336857 1.611797 9.086661 1.553629994392395 0.9969668984413147
Car 0.0 0 1.9316036701202393 48.73241424560547 201.70240783691406 449.8402099609375 375.0 3.8149438 1.4114693 1.6061242 -2.570604 1.7333952 6.1036487 1.5329912900924683 0.9966262578964233
Car 0.0 0 -1.7039730548858643 659.369384765625 169.18492126464844 722.8535766601562 222.8565673828125 4.0834785 1.7067673 1.6362253 2.6778238 1.5904481 25.004963 -1.5972880125045776 0.9906946420669556
Car 0.0 0 -2.113781452178955 803.4939575195312 157.76068115234375 1242.0 375.0 3.9408085 1.5426854 1.6567386 2.2642698 1.5077815 3.6621616 -1.560023546218872 0.9353121519088745
Car 0.0 0 -1.7187570333480835 644.5005493164062 172.241943359375 686.7439575195312 204.7278289794922 3.8208227 1.6023356 1.6360378 2.8040845 1.5725048 37.551697 -1.6442227363586426 0.9346756339073181
Car 0.0 0 1.7240328788757324 426.869873046875 181.08587646484375 515.0491943359375 252.34242248535156 3.433277 1.4286482 1.4781941 -3.1439447 1.638357 16.606493 1.5369271039962769 0.7864267230033875
Car 0.0 0 1.6260534524917603 544.6748657226562 173.4793701171875 580.8672485351562 203.25942993164062 4.2517095 1.5068004 1.7071946 -2.5178947 1.5425776 38.72898 1.5611315965652466 0.7013838291168213
Car 0.0 0 0.6661843657493591 337.9999084472656 169.2843017578125 448.45489501953125 207.2790985107422 4.123606 1.4591025 1.6902201 -8.82612 1.3223742 29.244696 0.3730747699737549 0.5206541419029236
