Cyclist 0.0 0 1.6861183643341064 506.8645935058594 175.079833984375 526.5677490234375 221.84983825683594 1.6158154 1.6013122 0.5135561 -3.3418977 1.6831234 25.590061 1.5562596321105957 0.7369191646575928
Car 0.0 0 -2.65897274017334 103.34366607666016 178.56700134277344 372.2838134765625 268.7956237792969 4.1242843 1.5548881 1.7246176 -6.825556 1.668648 13.431719 -3.1291325092315674 0.99424147605896
Car 0.0 0 -1.6649224758148193 632.755615234375 179.71377563476562 677.6508178710938 214.15313720703125 4.189673 1.4339594 1.6483752 1.9641184 1.7683285 33.00765 -1.605487585067749 0.9919500350952148
Car 0.0 0 -0.4518125653266907 807.6827392578125 180.27288818359375 1032.6513671875 256.5356750488281 3.8913476 1.4262732 1.5172908 6.0918317 1.5848709 14.52337 -0.054651953279972076 0.9891782999038696
Car 0.0 0 -3.8844919204711914 1034.539306640625 177.17984008789062 1242.0 372.71466064453125 3.848236 1.5635812 1.599638 6.244718 1.6086328 6.627743 -3.128840208053589 0.9879555702209473
Car 0.0 0 -0.3298792541027069 750.4563598632812 179.1728057861328 948.3370971679688 246.45181274414062 4.22717 1.5285308 1.635747 5.6195955 1.6888278 17.405567 -0.017582356929779053 0.9692345857620239
Car 0.0 0 2.627772808074951 863.357177734375 178.58346557617188 1145.166259765625 277.6460876464844 3.8424056 1.5122637 1.5135492 6.3198314 1.6136355 11.911879 3.1155595779418945 0.9613937139511108
Car 0.0 0 -3.673257350921631 882.0892944335938 181.26699829101562 1242.0 309.4294128417969 4.3960257 1.5151691 1.6120249 6.0396557 1.6368393 9.522238 -3.108020782470703 0.9498985409736633
Car 0.0 0 3.761852979660034 0.0 174.96804809570312 262.99847412109375 327.92449951171875 4.288199 1.6591207 1.6024885 -6.793345 1.6876837 8.736107 3.100909948348999 0.9498318433761597
Car 0.0 0 0.41305065155029297 181.26571655273438 168.33935546875 396.2263488769531 254.9611053466797 3.9751928 1.8006287 1.6715664 -6.9769316 1.7071393 15.835691 -0.0019442992052063346 0.9357919096946716
Car 0.0 0 2.825833320617676 740.5208129882812 173.83819580078125 903.796875 237.47630310058594 3.9488506 1.6545442 1.6702093 5.6563163 1.6829994 19.690401 3.1055638790130615 0.8834874033927917
Car 0.0 0 -2.861119270324707 370.77020263671875 174.79566955566406 478.66259765625 213.77052307128906 3.61942 1.4143924 1.6405442 -6.9565244 1.4901487 27.142225 -3.1120176315307617 0.8358243107795715
Car 0.0 0 -2.8147172927856445 394.93780517578125 176.4681396484375 495.1913146972656 216.90953063964844 3.7301972 1.6072929 1.5833602 -6.818714 1.7619598 29.826307 -3.039469003677368 0.5179409384727478
