Car 0.0 0 -1.713120937347412 672.6697387695312 183.72378540039062 753.153076171875 247.25271606445312 3.692676 1.4896948 1.6072499 2.6172898 1.8103182 19.403608 -1.5790433883666992 0.9981379508972168
Car 0.0 0 -1.9406366348266602 742.3560180664062 189.7432861328125 1005.9521484375 350.5932312011719 3.7164404 1.3979095 1.589161 2.7532659 1.6434294 8.569163 -1.6297554969787598 0.9971714615821838
Car 0.0 0 -2.82806134223938 298.42803955078125 177.7832489013672 461.94866943359375 242.2433319091797 3.9455001 1.6774594 1.6595014 -6.2457223 1.8185049 19.747 -3.134392738342285 0.9827377200126648
Car 0.0 0 -2.609905958175659 84.064453125 170.65884399414062 363.7149658203125 288.9174499511719 3.7306159 1.8066179 1.7374045 -6.3107123 1.7734404 11.974858 -3.094917058944702 0.9674631357192993
Car 0.0 0 -2.772090435028076 239.47398376464844 184.23277282714844 435.845947265625 251.3961181640625 4.0357804 1.4868119 1.637791 -6.3955812 1.7701267 17.097624 -3.1300389766693115 0.957809329032898
Car 0.0 0 0.13795627653598785 475.6175231933594 181.68051147460938 541.3928833007812 208.1954345703125 3.9588082 1.6371275 1.6330492 -6.4531975 2.2092004 45.913292 -0.0016808572690933943 0.9393381476402283
Car 0.0 0 -1.6431759595870972 628.0443115234375 178.74166870117188 657.4597778320312 203.35504150390625 4.357584 1.5553923 1.6697512 2.1435287 1.9723346 48.848404 -1.59932279586792 0.9379698634147644
Car 0.0 0 -1.7036601305007935 654.3290405273438 182.1685333251953 716.6620483398438 231.26773071289062 4.244037 1.5320677 1.6177214 2.5310585 1.8890557 25.474983 -1.604630470275879 0.9314538240432739
Car 0.0 0 -1.6377075910568237 645.012451171875 178.16409301757812 684.9534301757812 214.0961151123047 3.754623 1.6136055 1.6640908 2.5643206 1.8842311 34.838657 -1.5642344951629639 0.8478885293006897
Car 0.0 0 3.3399908542633057 372.07904052734375 181.79598999023438 483.5242919921875 220.5100860595703 4.1203165 1.4895362 1.5953201 -7.313737 1.8612705 29.068209 3.093501091003418 0.7248691320419312
Car 0.0 0 -2.606529474258423 188.6910858154297 184.9152069091797 409.0188903808594 271.3648681640625 3.8560848 1.5930697 1.5111345 -6.258623 1.8537054 14.569934 -3.012253999710083 0.6339147686958313
Car 0.0 0 0.9303234219551086 0.0 193.19613647460938 226.92013549804688 375.0 3.9038026 1.5061607 1.5659117 -6.208742 1.7478957 7.3531375 0.2291090488433838 0.48072823882102966
Car 0.0 0 -2.8670501708984375 472.59814453125 180.1823272705078 538.9954223632812 204.72314453125 3.6911306 1.4311643 1.5844251 -6.3217406 1.8859675 43.715034 -3.010667085647583 0.3364291489124298
Car 0.0 0 3.298153877258301 341.6578369140625 179.73312377929688 478.4295959472656 234.5178680419922 3.9168398 1.614854 1.54689 -6.188806 1.8391715 22.500679 3.0297415256500244 0.33365240693092346
