Car 0.0 0 -1.926476240158081 762.5354614257812 190.60723876953125 1044.3797607421875 370.3720703125 3.5338588 1.3987372 1.5442674 2.751144 1.6333505 7.740307 -1.5849714279174805 0.9965187311172485
Car 0.0 0 -1.636610746383667 637.4749145507812 176.23428344726562 670.2811279296875 204.54336547851562 4.02301 1.5337238 1.6164904 2.4491253 1.738375 41.58741 -1.5777876377105713 0.988627016544342
Car 0.0 0 0.2544712424278259 319.9045104980469 175.69439697265625 454.7438659667969 228.98731994628906 3.6553354 1.5600504 1.6320002 -6.7866516 1.6509734 22.108728 -0.04336501657962799 0.9847053289413452
Car 0.0 0 2.818467855453491 740.288330078125 177.76075744628906 874.6384887695312 225.57972717285156 3.856033 1.4607716 1.5533257 6.2190275 1.6243894 23.113102 3.0813121795654297 0.9826236367225647
Car 0.0 0 -2.6513512134552 186.15354919433594 175.88536071777344 410.75372314453125 250.56527709960938 4.0286307 1.4548721 1.6343234 -6.48022 1.5229053 15.119747 -3.0562613010406494 0.9810749888420105
Car 0.0 0 2.767469644546509 766.1368408203125 177.7554168701172 950.8473510742188 241.8185272216797 4.0985346 1.5204381 1.5810527 6.1141624 1.6501447 18.148344 3.092426061630249 0.9780659079551697
Car 0.0 0 -0.24132098257541656 710.1452026367188 176.33560180664062 837.2294311523438 219.5141143798828 4.1949496 1.4988836 1.684952 5.802474 1.629374 26.077051 -0.022375287488102913 0.971789538860321
Car 0.0 0 0.18483023345470428 444.5541687011719 173.3778533935547 526.5792846679688 206.56295776367188 3.7741427 1.6081161 1.6750342 -6.175557 1.6351345 35.853874 0.014261484146118164 0.9695423245429993
Car 0.0 0 -2.717465877532959 250.22923278808594 176.41111755371094 432.84716796875 243.6426239013672 3.8615255 1.5403284 1.5607541 -6.4937363 1.6316568 17.53741 -3.0720913410186768 0.9678536057472229
Car 0.0 0 -3.5616531372070312 822.179443359375 172.83685302734375 1085.0606689453125 269.8509216308594 3.8572242 1.6054817 1.6954231 5.8900375 1.6055558 12.806838 -3.1305856704711914 0.9641269445419312
Car 0.0 0 -2.486391305923462 0.0 166.55332946777344 339.7532653808594 290.499267578125 4.433084 1.5711085 1.5937998 -6.35563 1.4916004 10.148313 -3.0459065437316895 0.9427931904792786
Car 0.0 0 3.4036898612976074 355.440673828125 177.65365600585938 475.8398132324219 226.2745819091797 3.6778724 1.5948985 1.6093706 -6.6128354 1.7644657 24.629652 3.141385316848755 0.9234503507614136
Car 0.0 0 -2.3217341899871826 0.0 182.8655548095703 231.521240234375 341.4430847167969 3.8082526 1.4430469 1.6296835 -6.4093924 1.5655645 7.748749 -3.0128133296966553 0.813330352306366
Car 0.0 0 0.4652361273765564 94.6488265991211 172.9530029296875 361.78472900390625 269.7298583984375 3.8028576 1.5743043 1.596688 -6.5482445 1.5765 12.563674 -0.015230902470648289 0.5644976496696472
Car 0.0 0 -3.391101598739624 776.109130859375 177.0802764892578 919.5526123046875 231.07191467285156 3.6365876 1.4695996 1.4870992 6.6677303 1.5958151 20.627716 -3.078461170196533 0.39589715003967285
