Cyclist 0.0 0 1.6756983995437622 445.9135437011719 172.9344482421875 476.3438720703125 258.4069519042969 1.5052689 1.8020036 0.5094544 -3.332468 1.8042306 15.985199 1.470170021057129 0.6637832522392273
Car 0.0 0 2.4418632984161377 935.153076171875 183.1570281982422 1242.0 338.07171630859375 3.8736043 1.4707181 1.5786972 5.7824516 1.5968317 7.886754 3.0745158195495605 0.9970647692680359
Car 0.0 0 -1.6856327056884766 630.3255615234375 179.37440490722656 687.9685668945312 225.17921447753906 4.032026 1.4956172 1.616712 1.66196 1.7513068 26.196865 -1.6222764253616333 0.9930936098098755
Car 0.0 0 -0.4964671730995178 816.7391967773438 181.2373504638672 1154.877197265625 292.5050048828125 4.2064314 1.5001817 1.6323032 5.3692384 1.6356878 10.744027 -0.03302622213959694 0.9856812953948975
Car 0.0 0 -2.779668092727661 283.4877624511719 175.22132873535156 431.56976318359375 230.37042236328125 3.6171465 1.4858135 1.5811746 -7.0917864 1.5556887 20.347042 -3.1150429248809814 0.9850459694862366
Car 0.0 0 -0.3762185871601105 807.9382934570312 175.09454345703125 1060.2979736328125 274.7679443359375 3.836316 1.678819 1.634702 5.6664886 1.7225025 13.069778 0.032877206802368164 0.9717944264411926
Car 0.0 0 -2.422666549682617 0.0 165.77757263183594 247.22567749023438 313.4992980957031 3.7674625 1.672962 1.660895 -6.9321375 1.5931784 9.127813 -3.0721895694732666 0.6493670344352722
Car 0.0 0 -2.8371341228485107 408.7813415527344 176.97573852539062 501.96826171875 213.8419952392578 3.9398096 1.6644609 1.724926 -7.2500806 1.864152 33.84934 -3.04813289642334 0.5680144429206848
Car 0.0 0 0.03662973642349243 464.27679443359375 176.39743041992188 521.364990234375 197.61146545410156 3.9984381 1.4865599 1.6182702 -8.427462 1.7472616 51.959946 -0.12416158616542816 0.5593523383140564
Car 0.0 0 -2.7338428497314453 326.5993957519531 180.24124145507812 462.0079650878906 231.95333862304688 3.8121083 1.5501848 1.5682329 -6.844888 1.7954432 22.91539 -3.02410888671875 0.512244462966919
Car 0.0 0 3.2198970317840576 440.01690673828125 176.1024169921875 508.52166748046875 204.4730987548828 4.0213428 1.6936724 1.6752195 -8.328161 1.8984724 44.35971 3.034315824508667 0.5013275146484375
