Car 0.0 0 1.9369375705718994 228.5856170654297 187.5311737060547 414.09295654296875 300.1570739746094 3.8775935 1.5268338 1.5962054 -4.6943936 1.8153402 12.223568 1.5702611207962036 0.9983463287353516
Car 0.0 0 -1.8735347986221313 756.936279296875 177.05593872070312 914.3057861328125 280.95367431640625 3.6873822 1.5631282 1.5947498 3.7707157 1.649212 12.860317 -1.5883231163024902 0.9974545836448669
Car 0.0 0 -2.036587715148926 851.9962768554688 182.7845001220703 1242.0 375.0 3.8304691 1.5205779 1.6291384 3.7869503 1.6465992 7.19781 -1.5522589683532715 0.9969032406806946
Car 0.0 0 1.776183009147644 430.4786682128906 184.1687469482422 507.70489501953125 235.72506713867188 4.0393977 1.4478024 1.639419 -4.466212 1.84361 23.183094 1.5858651399612427 0.9962844848632812
Car 0.0 0 -1.8103615045547485 716.470947265625 178.84335327148438 820.6610107421875 249.80421447753906 3.8256004 1.540387 1.6326131 3.755087 1.7056626 17.926105 -1.6038713455200195 0.9953644275665283
Car 0.0 0 1.8299267292022705 373.2290344238281 183.59959411621094 476.7217102050781 255.96739196777344 3.6986895 1.5501881 1.5757577 -4.4986987 1.8443197 17.864353 1.58323073387146 0.9895333647727966
Car 0.0 0 1.690863013267517 518.8433837890625 179.3824462890625 556.4747314453125 209.32821655273438 3.8309574 1.5169171 1.5943558 -3.9288545 1.8905467 39.32061 1.5912750959396362 0.9874030351638794
Car 0.0 0 -1.7141222953796387 700.3268432617188 177.73851013183594 769.4556884765625 229.4225616455078 3.861288 1.4962839 1.6327761 3.8776474 1.6669228 23.202791 -1.5485327243804932 0.984024703502655
Car 0.0 0 1.6836270093917847 537.8886108398438 178.09010314941406 573.1530151367188 205.06520080566406 4.097231 1.537958 1.6960459 -3.3077326 1.872882 44.02143 1.608628749847412 0.8596329092979431
Car 0.0 0 -1.6819056272506714 692.7733764648438 178.2454833984375 743.198974609375 220.0590057373047 3.4664006 1.5361283 1.5969306 4.1945686 1.7642386 28.717804 -1.5368696451187134 0.7888227701187134
Car 0.0 0 -1.7319211959838867 685.218017578125 180.53240966796875 734.7570190429688 214.2811737060547 4.37439 1.4450027 1.6229534 4.6129966 1.8318107 34.10376 -1.5974736213684082 0.538694441318512
