Car 0.0 0 -0.3456909954547882 709.1475830078125 178.78622436523438 942.0974731445312 260.0851135253906 4.1472507 1.5015234 1.6450968 4.1483684 1.6283226 14.419715 -0.06556820869445801 0.99347323179245
Car 0.0 0 3.581479787826538 94.22552490234375 177.78756713867188 323.4967041015625 256.1455993652344 3.959091 1.5540503 1.604801 -8.438188 1.6657003 15.348771 3.0788185596466064 0.9832144975662231
Car 0.0 0 -0.15572813153266907 658.7072143554688 176.77439880371094 776.7299194335938 221.07528686523438 3.8623493 1.4850035 1.6106995 3.6478124 1.6265705 25.158318 -0.011737308464944363 0.9808035492897034
Car 0.0 0 0.598658561706543 0.0 188.9869842529297 189.96559143066406 319.50079345703125 3.667821 1.4821632 1.5610613 -7.821051 1.7136333 9.3803005 -0.09633979201316833 0.973884642124176
Car 0.0 0 0.27206525206565857 301.16082763671875 176.8324737548828 429.96087646484375 221.20201110839844 4.0773015 1.5221729 1.6539345 -8.719846 1.6702461 25.85267 -0.05324199050664902 0.9507485032081604
Car 0.0 0 0.4530791640281677 228.3283233642578 178.01986694335938 396.257080078125 233.21217346191406 4.1457553 1.4854361 1.5629747 -8.430029 1.6390808 20.4972 0.06288909912109375 0.9334885478019714
Car 0.0 0 0.37690261006355286 179.82015991210938 176.21463012695312 365.0780944824219 241.28189086914062 3.8319569 1.5121192 1.5252857 -8.23164 1.5991192 17.727467 -0.057815439999103546 0.7340812683105469
Car 0.0 0 -2.794807195663452 323.9005126953125 177.17921447753906 428.9731140136719 214.6612091064453 3.9609325 1.5454245 1.605477 -9.964104 1.7357464 30.817518 -3.1075241565704346 0.685799777507782
Car 0.0 0 1.6092910766601562 461.92205810546875 168.9884490966797 484.6810607910156 190.04637145996094 3.8275938 1.794446 1.8242321 -12.021962 1.4654014 63.510635 1.4222140312194824 0.6038379669189453
Car 0.0 0 3.9091079235076904 0.0 197.82203674316406 148.31005859375 375.0 4.181985 1.4768696 1.6900192 -7.2641153 1.7552956 7.1316814 3.1145105361938477 0.5587159395217896
Car 0.0 0 -3.203946113586426 631.0640869140625 179.60475158691406 736.8484497070312 220.33799743652344 3.865363 1.4730015 1.5739758 2.6902761 1.7361598 27.229713 -3.105466365814209 0.5033450722694397
Car 0.0 0 -2.6518924236297607 228.8023681640625 169.38137817382812 295.6295166015625 191.28196716308594 3.9566078 1.5193712 1.6149218 -24.550503 1.2788129 50.94167 -3.100982666015625 0.3613966107368469
Car 0.0 0 1.9724249839782715 929.7243041992188 166.5240020751953 969.9551391601562 184.49444580078125 4.1213803 1.5036129 1.6683779 29.373625 0.97433054 62.364243 2.4126055240631104 0.3158809244632721
