Car 0.0 0 1.9060051441192627 273.8953552246094 189.1571044921875 408.0523681640625 263.32403564453125 4.407035 1.5103827 1.7375559 -6.510774 1.9648709 17.880558 1.5568019151687622 0.995608389377594
Car 0.0 0 2.083501100540161 43.75450897216797 186.71189880371094 317.8732604980469 321.0550231933594 4.3118 1.5883442 1.6668797 -6.264757 1.8439002 11.1287155 1.5707802772521973 0.9943298101425171
Car 0.0 0 1.6759161949157715 506.0483093261719 180.38165283203125 548.9752807617188 212.136962890625 3.932394 1.3965026 1.6442404 -3.9400578 1.7788265 34.636456 1.5626484155654907 0.9788401126861572
Car 0.0 0 1.7243233919143677 478.3106994628906 182.15399169921875 514.5635986328125 208.7168731689453 3.828836 1.4764656 1.5865798 -6.810255 2.0604424 43.361042 1.5685367584228516 0.8865399956703186
Car 0.0 0 1.6506723165512085 534.663818359375 176.61741638183594 565.0673828125 202.46363830566406 3.7653327 1.6186441 1.7063293 -3.9598997 1.8772192 47.61857 1.567704439163208 0.7256783246994019
Car 0.0 0 -1.555838942527771 632.2227783203125 175.53277587890625 655.9807739257812 197.42613220214844 3.6958306 1.4464202 1.5848333 2.3606875 1.6395348 50.02368 -1.5086824893951416 0.6259225010871887
Car 0.0 0 2.9451780319213867 706.44775390625 166.01268005371094 784.9133911132812 193.73300170898438 4.383605 1.627889 1.6224064 8.049373 1.226487 43.207848 3.1293609142303467 0.5480966567993164
Car 0.0 0 3.4799091815948486 238.27786254882812 173.7744598388672 323.79266357421875 201.9345703125 3.968956 1.503616 1.5725286 -18.010086 1.5556506 39.54627 3.052558660507202 0.5035528540611267
Car 0.0 0 1.8416552543640137 406.78680419921875 185.28561401367188 471.1900634765625 225.19131469726562 3.6159334 1.4266678 1.5883707 -6.7838326 1.9545243 28.775768 1.610134482383728 0.5016417503356934
Car 0.0 0 2.681748151779175 737.1434326171875 166.87828063964844 845.7205200195312 209.22854614257812 3.9079428 1.6323998 1.6588131 7.2306666 1.4024225 29.037634 2.925795078277588 0.46471503376960754
