Car 0.0 0 -1.987205982208252 817.7381591796875 183.6659393310547 1224.0740966796875 375.0 4.029339 1.4683974 1.6673491 3.2856493 1.6023206 6.872347 -1.5412336587905884 0.9966322779655457
Car 0.0 0 -1.6794792413711548 663.7445678710938 176.77981567382812 710.6141357421875 214.87203979492188 3.8265822 1.5197816 1.5889045 3.22379 1.6997867 31.097546 -1.576181173324585 0.9958603978157043
Car 0.0 0 2.264652729034424 0.0 208.3886260986328 244.120361328125 375.0 4.0693774 1.4444281 1.6194801 -5.6193337 1.9027303 7.235233 1.6043047904968262 0.9944376945495605
Car 0.0 0 1.9960923194885254 191.8689727783203 194.42449951171875 370.0729064941406 295.9349060058594 3.6806984 1.4593999 1.5103089 -5.7558794 1.9037535 13.002274 1.5793402194976807 0.9935674071311951
Car 0.0 0 -1.8392078876495361 708.4674072265625 184.1144256591797 821.93212890625 258.0126647949219 3.8006082 1.4530874 1.5829352 3.4043632 1.7449822 16.72868 -1.6384447813034058 0.9930672645568848
Car 0.0 0 1.9246222972869873 369.9803771972656 184.56771850585938 472.3208923339844 241.46432495117188 4.3960843 1.495029 1.6041777 -5.6974645 1.8919936 22.158941 1.6729556322097778 0.9894408583641052
Car 0.0 0 -1.7072234153747559 683.5377197265625 181.3907470703125 755.0709838867188 235.4666748046875 3.9820945 1.4841237 1.6465329 3.2528098 1.773495 22.427824 -1.5631932020187378 0.9698264598846436
Car 0.0 0 0.9255725145339966 13.227890014648438 178.14083862304688 202.7161865234375 256.0724182128906 3.6421363 1.5730754 1.5911033 -11.204137 1.7008517 16.064137 0.31655144691467285 0.7158156633377075
Car 0.0 0 1.7610230445861816 476.4184875488281 181.79513549804688 520.7115478515625 212.51031494140625 3.651957 1.45911 1.5964202 -5.7288795 1.9435554 37.20788 1.6082532405853271 0.6009488105773926
Car 0.0 0 -2.7840945720672607 521.6959228515625 173.05897521972656 571.4522705078125 191.335205078125 3.8549058 1.5200934 1.733165 -5.4078116 1.5382739 61.388855 -2.8719589710235596 0.3573077321052551
