Car 0.0 0 1.7588695287704468 441.24560546875 183.50314331054688 507.06634521484375 227.81350708007812 3.5480523 1.4126537 1.5855751 -4.549437 1.3591876 24.692635 1.5766701698303223 0.9949591159820557
Car 0.0 0 2.1129767894744873 72.41791534423828 181.94442749023438 272.882568359375 269.2120361328125 3.832771 1.4979271 1.6350373 -8.415426 1.4429075 14.258876 1.5798027515411377 0.9878000020980835
Car 0.0 0 -1.6021713018417358 578.6033935546875 180.66090393066406 610.114501953125 208.42376708984375 3.7890365 1.4598818 1.6139554 -0.8098695 1.2215044 39.730274 -1.6225526332855225 0.9694733023643494
Car 0.0 0 1.9896552562713623 283.40789794921875 186.7341766357422 382.121337890625 233.08108520507812 3.535579 1.3174099 1.5597793 -8.478216 1.369597 22.357166 1.627192735671997 0.9666017889976501
Car 0.0 0 1.7290371656417847 479.75933837890625 182.3879852294922 524.160888671875 212.0985870361328 3.7917342 1.3523421 1.5381112 -5.0705442 1.2247645 34.62207 1.583616852760315 0.9641971588134766
Car 0.0 0 1.841251254081726 303.12066650390625 193.47906494140625 450.6902770996094 282.1579284667969 3.9496086 1.3705084 1.6057643 -4.1732087 1.5495595 13.476173 1.5409438610076904 0.9500460028648376
Car 0.0 0 1.8966928720474243 269.8345947265625 179.65406799316406 338.99981689453125 215.5446319580078 3.6447031 1.4022495 1.5699418 -12.588596 1.1860869 29.956068 1.4988648891448975 0.8753117322921753
Car 0.0 0 1.6520932912826538 392.1537780761719 181.70620727539062 434.1042785644531 217.9487762451172 3.7262104 1.5756317 1.5749668 -8.972352 1.4241898 33.223286 1.3883235454559326 0.7255988717079163
Car 0.0 0 1.9489456415176392 370.4237976074219 178.28684997558594 422.4446105957031 203.08233642578125 3.8995967 1.4115517 1.6590359 -12.582284 1.0182395 42.937542 1.6638891696929932 0.41005605459213257
Car 0.0 0 2.3436779975891113 0.0 200.5604705810547 87.85600280761719 376.0 3.7729897 1.5648052 1.5429609 -8.165596 1.782973 8.272652 1.5647923946380615 0.4027557969093323
