Pedestrian 0.0 0 -2.0802488327026367 913.4878540039062 146.1089324951172 995.98388671875 292.7247009277344 0.67224807 1.7848588 0.7028252 4.2966404 1.4596297 9.140945 -1.6408525705337524 0.7601915597915649
Pedestrian 0.0 0 1.849530816078186 382.3130187988281 160.83175659179688 422.241943359375 244.42410278320312 0.77071923 1.6899409 0.60964644 -4.350719 1.4472518 14.970792 1.5667072534561157 0.37008026242256165
Car 0.0 0 1.3038833141326904 719.8897705078125 183.62451171875 910.175048828125 312.73883056640625 3.6744163 1.4326953 1.5802014 2.5945258 1.6124148 10.162719 1.5538424253463745 0.9972969889640808
Car 0.0 0 1.9097707271575928 142.49513244628906 182.01663208007812 467.2181396484375 375.0 3.9615412 1.516487 1.6272001 -2.6641157 1.6339352 7.2257047 1.556535005569458 0.9971586465835571
Car 0.0 0 1.779822826385498 378.85882568359375 176.9040985107422 523.96240234375 287.15155029296875 3.8622851 1.5723462 1.6279143 -2.5765314 1.6529763 12.363948 1.5743725299835205 0.9949498176574707
Car 0.0 0 -2.0430996417999268 783.9854125976562 154.3703155517578 1242.0 375.0 3.805536 1.5921782 1.6283035 2.3431234 1.5225329 4.636224 -1.5751454830169678 0.9931708574295044
Car 0.0 0 -1.6796010732650757 661.1589965820312 171.15048217773438 719.1918334960938 221.45721435546875 3.9510777 1.6629378 1.6252159 2.7466233 1.6069843 25.82623 -1.5736491680145264 0.9903518557548523
Car 0.0 0 1.5947011709213257 549.2547607421875 169.1300048828125 580.7589721679688 199.5439453125 3.6530936 1.5926218 1.6424092 -2.46694 1.3979738 39.637108 1.5325431823730469 0.808203399181366
Car 0.0 0 1.4404520988464355 648.6875610351562 170.97117614746094 687.029052734375 201.61978149414062 3.6630642 1.5497481 1.5590897 2.9916184 1.4549013 38.351753 1.5182992219924927 0.7261207699775696
Car 0.0 0 1.7346611022949219 437.8112487792969 171.29969787597656 519.8509521484375 243.43797302246094 3.1082618 1.5989854 1.4725358 -3.151982 1.5648915 17.554684 1.5570019483566284 0.5747370719909668
