Pedestrian 0.0 0 -3.1112046241760254 586.281005859375 159.36436462402344 626.24267578125 236.12265014648438 0.9358004 1.7950916 0.65345883 0.08886886 1.2786257 17.139744 -3.1060197353363037 0.9162941575050354
Pedestrian 0.0 0 1.050999641418457 466.7538757324219 155.3515167236328 523.0252685546875 269.6439208984375 0.7632338 1.7914335 0.6100693 -1.7894096 1.3828769 11.7452 0.8998098373413086 0.7893053889274597
Pedestrian 0.0 0 1.5366530418395996 679.4321899414062 162.7651824951172 703.8895263671875 229.99215698242188 0.81476593 1.7698138 0.62322235 2.3907409 1.2777705 19.34166 1.659635066986084 0.7821882963180542
Pedestrian 0.0 0 -1.862623929977417 1041.483154296875 138.4439697265625 1231.421875 374.0 0.6977925 1.6299473 0.680745 2.9153137 1.4141457 4.062089 -1.2401249408721924 0.7252728343009949
Pedestrian 0.0 0 -2.314426898956299 1050.6558837890625 113.88070678710938 1218.240234375 353.3012390136719 0.9487695 1.8458135 0.6618109 4.38585 1.3258978 6.044876 -1.6867592334747314 0.5567491054534912
Pedestrian 0.0 0 -1.2544441223144531 501.1641845703125 163.5194549560547 526.7674560546875 214.32839965820312 1.1113313 1.8792728 0.6498321 -3.3208694 1.2152641 27.174526 -1.3760464191436768 0.3768346607685089
Pedestrian 0.0 0 1.847139596939087 662.246337890625 156.08714294433594 686.5811767578125 207.21917724609375 1.0311178 1.8087322 0.62015015 2.626108 0.9108421 26.001095 1.9477981328964233 0.3700052499771118
Pedestrian 0.0 0 -1.6406402587890625 688.5960083007812 157.7518768310547 710.3290405273438 220.16339111328125 0.81956095 1.7825598 0.5695029 2.822364 1.1054215 20.94122 -1.5066720247268677 0.3624149262905121
Pedestrian 0.0 0 -0.6697086691856384 631.6050415039062 158.549560546875 689.9951782226562 238.43092346191406 1.2197676 1.811973 0.6673042 1.3648825 1.2925942 16.907885 -0.5891587138175964 0.32559916377067566
Pedestrian 0.0 0 -1.6245640516281128 710.0418701171875 156.81076049804688 732.0279541015625 217.49945068359375 0.84687215 1.7519132 0.59246194 3.492135 1.0403411 21.187002 -1.4612083435058594 0.316586434841156
