Car 0.0 0 -1.7944146394729614 737.5426635742188 178.44151306152344 868.8971557617188 275.04278564453125 3.4141443 1.5603168 1.6270765 3.4278946 1.6792005 13.577143 -1.5471075773239136 0.9909918308258057
Car 0.0 0 0.6002892255783081 39.477577209472656 176.6929168701172 386.3743591308594 296.42669677734375 4.2452254 1.5517867 1.5823692 -5.652038 1.6129428 10.418804 0.10323452949523926 0.9891781806945801
Car 0.0 0 3.469909191131592 261.5470275878906 184.77764892578125 451.8551025390625 249.77976989746094 4.0067368 1.4592752 1.5954926 -6.017784 1.7590165 17.303383 3.1352126598358154 0.9876828789710999
Car 0.0 0 -1.764059066772461 709.4887084960938 179.6233673095703 801.6527099609375 246.8189239501953 3.755776 1.5344344 1.623538 3.6117127 1.7282059 18.732792 -1.5735944509506226 0.9784770607948303
Car 0.0 0 -1.696632742881775 679.4024047851562 179.66500854492188 727.4979248046875 215.14759826660156 4.0168695 1.4571124 1.6366192 4.0906253 1.7823695 32.40741 -1.571071743965149 0.9675899147987366
Car 0.0 0 0.31502199172973633 361.0731201171875 180.42295837402344 488.98175048828125 229.987548828125 3.6147294 1.4827008 1.4967893 -5.8123517 1.7303574 22.708597 0.06444764137268066 0.8792109489440918
Car 0.0 0 0.1422663927078247 396.5815124511719 180.88473510742188 518.7939453125 227.02464294433594 3.9117653 1.5025183 1.6352361 -5.1929493 1.7890078 24.763435 -0.06444066017866135 0.6993477940559387
Car 0.0 0 -2.9166531562805176 423.7206726074219 178.43052673339844 524.6848754882812 223.5972137451172 3.4631424 1.6335418 1.6375023 -5.1100492 1.8509724 27.19788 -3.102372169494629 0.6560441255569458
Car 0.0 0 -2.925605535507202 434.2853088378906 181.9203643798828 538.793212890625 216.6952667236328 4.0047045 1.3701773 1.5884364 -5.0864234 1.7558651 29.776327 -3.0947935581207275 0.6469085216522217
Car 0.0 0 0.07088352739810944 527.1378784179688 178.53628540039062 578.440673828125 197.96212768554688 3.8616414 1.4714404 1.6796786 -4.436268 1.9196299 56.007378 -0.008160073310136795 0.5294824242591858
Car 0.0 0 -2.924778938293457 448.357666015625 177.31857299804688 538.6392822265625 216.74282836914062 3.714296 1.6970087 1.6193148 -5.191978 1.9021331 32.176514 -3.08475923538208 0.5245617628097534
Car 0.0 0 3.1837024688720703 489.4248046875 185.93695068359375 566.7648315429688 213.64532470703125 4.1301775 1.4474342 1.6298039 -4.4839263 2.182414 39.55347 3.0708208084106445 0.45321494340896606
Car 0.0 0 3.0262818336486816 540.8705444335938 177.05789184570312 590.1287841796875 196.9107208251953 3.9856107 1.6328657 1.7421383 -3.8060591 1.9960625 61.064148 2.964033603668213 0.4046728312969208
Car 0.0 0 -0.14901216328144073 709.0639038085938 178.6202850341797 788.8815307617188 205.623779296875 4.3323417 1.5157946 1.7611064 7.978571 1.8585486 41.87652 0.03925752639770508 0.3961591422557831
Car 0.0 0 -2.9398930072784424 495.43084716796875 175.607421875 562.4801635742188 200.57452392578125 4.0168405 1.5590832 1.7092841 -5.202648 1.7401199 46.312912 -3.0517609119415283 0.3019767999649048
