Pedestrian 0.0 0 1.8423491716384888 435.2200927734375 172.8014678955078 458.8020324707031 220.45187377929688 0.6470832 1.7338899 0.70094 -6.0461984 1.7323366 26.592363 1.618783950805664 0.8528627753257751
Car 0.0 0 -1.6871676445007324 668.8701171875 177.09954833984375 725.7318725585938 222.8998565673828 3.801273 1.5089787 1.5871187 3.0301163 1.6736591 26.02312 -1.5712502002716064 0.9974884986877441
Car 0.0 0 -1.8320553302764893 719.1096801757812 176.06837463378906 906.172607421875 298.0198059082031 4.366467 1.5243107 1.6502837 2.8476248 1.5849216 11.327052 -1.585759162902832 0.9957627654075623
Car 0.0 0 1.770691156387329 439.742431640625 178.90020751953125 512.4741821289062 234.27978515625 3.8833735 1.6236879 1.5883502 -4.3162065 1.8376774 23.535374 1.589314341545105 0.9946582913398743
Car 0.0 0 1.8135534524917603 375.01397705078125 187.20736694335938 480.8357849121094 257.70941162109375 3.954381 1.483484 1.6373463 -4.437345 1.8805623 17.96256 1.5713691711425781 0.9936261177062988
Car 0.0 0 -1.7393001317977905 693.2780151367188 174.4960479736328 787.3949584960938 246.43727111816406 3.7582216 1.5555011 1.6127917 3.001445 1.600114 17.563745 -1.5700464248657227 0.9891188144683838
Car 0.0 0 1.733283519744873 476.45098876953125 176.60618591308594 533.30712890625 220.02032470703125 3.9356925 1.6039959 1.6431597 -4.187941 1.7653917 28.981346 1.5897722244262695 0.9192626476287842
Car 0.0 0 0.6196579933166504 0.0 184.74867248535156 238.21563720703125 266.3957214355469 3.8817852 1.406259 1.554918 -9.327881 1.6418587 13.463105 0.013748407363891602 0.8263395428657532
Car 0.0 0 1.5629569292068481 539.1158447265625 177.13816833496094 555.9830932617188 194.6685028076172 3.6156359 1.485075 1.4465681 -5.567565 1.8759701 63.903275 1.4760514497756958 0.512245237827301
Car 0.0 0 -1.6717995405197144 658.7645263671875 176.80865478515625 701.630126953125 214.5746612548828 3.5726106 1.5610771 1.527264 3.019227 1.7465975 31.989117 -1.577695369720459 0.3895658850669861
