Car 0.0 0 0.4412626028060913 96.20023345947266 184.66929626464844 340.5334777832031 265.06878662109375 4.060391 1.5032326 1.6418146 -7.8649054 1.7591509 14.68141 -0.05053939297795296 0.9944710731506348
Car 0.0 0 -0.353549599647522 729.17626953125 185.65234375 963.1533203125 272.2402038574219 3.8821604 1.4957272 1.5956897 4.291554 1.7534221 13.614825 -0.04819608852267265 0.9922722578048706
Car 0.0 0 3.516385793685913 193.23178100585938 180.05206298828125 373.49609375 239.1186065673828 4.1974897 1.5238175 1.6018009 -8.868718 1.7300165 19.730957 3.0939624309539795 0.9595144391059875
Car 0.0 0 3.5005362033843994 132.85096740722656 182.0007781982422 336.1952209472656 249.58944702148438 4.0060267 1.4969211 1.6472965 -8.911894 1.7301035 17.312698 3.0251500606536865 0.872603714466095
Car 0.0 0 0.6872484683990479 0.0 191.82872009277344 215.12509155273438 321.88494873046875 3.8988483 1.5175275 1.5080373 -7.5671 1.7859386 9.41626 0.010303735733032227 0.8574118614196777
Car 0.0 0 -3.3257431983947754 699.3976440429688 184.0046844482422 895.680908203125 258.48486328125 3.904014 1.5006042 1.5932287 3.912171 1.7580241 15.719394 -3.0818233489990234 0.6212002635002136
Car 0.0 0 0.9186275005340576 1158.533935546875 175.90365600585938 1242.0 211.21389770507812 4.4119406 1.6420676 1.6510066 29.906008 1.8047823 36.17413 1.609452247619629 0.5833224058151245
Car 0.0 0 0.9415290355682373 948.66015625 188.59332275390625 1010.9829711914062 212.96559143066406 3.9268277 1.5120906 1.8446932 25.284525 2.6385484 49.537395 1.4134721755981445 0.5365540981292725
Car 0.0 0 -1.5120618343353271 463.9817810058594 185.51048278808594 489.3338317871094 207.9906463623047 3.8674045 1.4972581 1.5862205 -9.665923 2.451174 52.342113 -1.694672703742981 0.4636788070201874
Car 0.0 0 2.0061206817626953 183.57093811035156 178.46896362304688 240.37351989746094 204.04324340820312 3.405117 1.3766257 1.5610765 -22.781551 1.7124789 41.357544 1.5026298761367798 0.4368920624256134
Car 0.0 0 -2.7280242443084717 249.2120361328125 178.94894409179688 390.00201416015625 235.15733337402344 3.7090328 1.6444244 1.503001 -8.871174 1.8382623 22.092052 -3.109870433807373 0.36246103048324585
Car 0.0 0 0.27638617157936096 286.9057922363281 178.381103515625 393.87750244140625 220.4840545654297 3.6281278 1.5832545 1.6379846 -10.563488 1.8081274 28.344723 -0.08034826070070267 0.3236643075942993
