Car 0.0 0 1.9190579652786255 256.68389892578125 192.21185302734375 399.8653564453125 277.87432861328125 3.8598747 1.4772155 1.5760968 -5.8171587 1.9391584 15.259952 1.5548590421676636 0.9971122741699219
Car 0.0 0 2.1327004432678223 0.0 198.5694122314453 310.8964538574219 358.1963806152344 4.331163 1.4608228 1.6738764 -5.749472 1.8768831 9.481916 1.587616205215454 0.9951702952384949
Car 0.0 0 1.8339236974716187 401.6694030761719 187.9644317626953 479.2652587890625 238.21034240722656 4.0105205 1.4692361 1.5538388 -5.6601853 2.0220864 24.348265 1.6055128574371338 0.9939175248146057
Car 0.0 0 -1.7994543313980103 699.980712890625 182.77090454101562 793.1357421875 247.25479125976562 3.761577 1.4676247 1.5588956 3.4155002 1.7545009 18.92638 -1.6209135055541992 0.9936075210571289
Car 0.0 0 -1.8876125812530518 773.2373657226562 181.2952880859375 1027.176025390625 344.1355895996094 4.0384846 1.5428084 1.6600586 3.241834 1.6733503 9.084959 -1.5448614358901978 0.9926052093505859
Car 0.0 0 -1.6546705961227417 659.86083984375 177.75978088378906 702.2973022460938 213.1111297607422 3.8888736 1.5096011 1.6162671 3.1841767 1.7497003 33.30467 -1.5593527555465698 0.9893907904624939
Car 0.0 0 -1.7035969495773315 680.774658203125 180.09690856933594 747.2843627929688 228.1219940185547 4.067832 1.4537818 1.6874465 3.3927495 1.7204776 24.491829 -1.56594717502594 0.9358447194099426
Car 0.0 0 -1.7709758281707764 652.1585083007812 178.9182586669922 696.2326049804688 208.78665161132812 3.9858696 1.4549704 1.5425069 3.2913985 1.7925469 38.052578 -1.684694528579712 0.5964832901954651
Car 0.0 0 -2.1944150924682617 86.84220886230469 178.8470001220703 248.36293029785156 245.34402465820312 3.735964 1.5181402 1.5820615 -11.19626 1.6815635 18.18053 -2.74639892578125 0.5585072636604309
Car 0.0 0 1.6543545722961426 440.7431945800781 172.78128051757812 471.2329406738281 199.96829223632812 3.843478 1.7011433 1.6353348 -10.054354 1.6969508 47.154827 1.4442803859710693 0.449109822511673
