Car 0.0 0 1.9733017683029175 207.38397216796875 194.3874969482422 383.3133850097656 290.08160400390625 4.129404 1.4882445 1.6581564 -6.0004797 1.9746501 14.216321 1.5739036798477173 0.9987912774085999
Car 0.0 0 1.8683576583862305 365.45294189453125 187.56251525878906 461.688720703125 246.74501037597656 4.2380652 1.5188448 1.6132879 -5.8231916 2.0059402 21.728027 1.606507420539856 0.9979530572891235
Car 0.0 0 2.2035210132598877 0.0 205.7569122314453 237.85784912109375 375.0 3.6539783 1.515551 1.5301002 -5.935653 1.9683387 8.091605 1.5706267356872559 0.9922417402267456
Car 0.0 0 -1.7977654933929443 705.4453735351562 176.10400390625 824.8294677734375 249.86048889160156 4.0349483 1.4118284 1.6807002 3.2319763 1.4935865 16.028765 -1.59879732131958 0.9904775619506836
Car 0.0 0 -1.7135982513427734 665.0794677734375 178.25244140625 712.6963500976562 214.46713256835938 3.7082708 1.45701 1.5394405 3.3400593 1.7069099 31.46885 -1.6078555583953857 0.9892762899398804
Car 0.0 0 -1.6860811710357666 683.961669921875 176.67259216308594 756.9071655273438 234.39222717285156 4.0367274 1.5398343 1.673189 3.1501882 1.665112 21.558949 -1.5409882068634033 0.9810442328453064
Car 0.0 0 1.7356141805648804 424.980224609375 188.82769775390625 482.6837463378906 230.373779296875 3.6181629 1.3944165 1.5743163 -5.916922 2.0439563 27.476757 1.5235103368759155 0.9699909687042236
Car 0.0 0 2.444275379180908 929.06787109375 159.62939453125 1145.17333984375 238.7098846435547 3.7930996 1.532039 1.5215032 8.7915 1.2761947 15.043668 2.973144292831421 0.9362098574638367
Car 0.0 0 -0.6587669849395752 1087.64013671875 147.39414978027344 1242.0 266.5428161621094 3.84622 1.4973763 1.5117285 9.000518 1.1777726 9.964446 0.07584810256958008 0.8591792583465576
Car 0.0 0 2.4968433380126953 1025.4970703125 134.2020721435547 1242.0 230.8353271484375 3.6031623 1.5876632 1.5215396 9.453853 0.95297825 12.6157 3.1399424076080322 0.8085060715675354
Car 0.0 0 1.7269914150238037 473.5684509277344 184.74710083007812 515.2861328125 216.50531005859375 3.607027 1.482381 1.5618185 -5.885493 2.119673 36.8339 1.5685460567474365 0.7582393884658813
Car 0.0 0 -1.7615803480148315 779.30859375 170.57810974121094 958.2836303710938 310.9335632324219 3.612656 1.6067429 1.6322873 3.353833 1.581047 10.153061 -1.4425376653671265 0.7344751954078674
Car 0.0 0 -1.6260162591934204 658.3243408203125 181.16357421875 691.8576049804688 211.303466796875 3.8609688 1.4219931 1.4944905 3.261809 1.871803 37.070324 -1.5382524728775024 0.6060144901275635
Car 0.0 0 2.645866870880127 856.7696533203125 159.51063537597656 1048.27197265625 226.22164916992188 3.9755402 1.5621635 1.6416476 8.32322 1.2500615 17.829983 3.0826120376586914 0.5731133818626404
Car 0.0 0 -1.5548996925354004 648.6683349609375 178.51303100585938 675.3009033203125 203.3135528564453 3.925425 1.4749315 1.6165556 3.301014 1.8508732 45.859005 -1.483041763305664 0.5693237781524658
Car 0.0 0 1.6283934116363525 515.5506591796875 181.9388885498047 540.307373046875 204.10902404785156 3.5055232 1.4851444 1.5618759 -5.866566 2.157755 51.595318 1.5151761770248413 0.5106729865074158
Car 0.0 0 3.2762513160705566 388.4137268066406 177.0109100341797 453.2524108886719 201.43719482421875 3.736528 1.4784222 1.5796336 -11.791511 1.7440039 45.023277 3.020106077194214 0.34571850299835205
Car 0.0 0 -1.7966890335083008 739.6209106445312 170.28688049316406 778.33349609375 194.009033203125 3.7630181 1.4173851 1.5537302 9.211212 1.2643594 45.008377 -1.5948210954666138 0.3165401816368103
