Car 0.0 0 1.8231794834136963 461.5840148925781 181.31385803222656 533.0596923828125 231.1775360107422 3.8456244 1.6132478 1.6341032 -4.0158057 1.942008 26.012264 1.6700074672698975 0.9939038157463074
Car 0.0 0 -1.7419403791427612 720.6329345703125 180.68148803710938 801.0301513671875 240.6805419921875 3.89692 1.53899 1.6217911 4.2313957 1.7884499 20.989182 -1.5430078506469727 0.9934495091438293
Car 0.0 0 -1.95151948928833 799.1961059570312 188.11102294921875 1030.84228515625 321.023193359375 3.860139 1.4431224 1.6112425 3.9576542 1.7005458 10.215541 -1.5819090604782104 0.9921247363090515
Car 0.0 0 -1.847449779510498 746.7343139648438 184.482177734375 865.9346313476562 263.3319396972656 3.5839365 1.4725428 1.5651846 4.1073713 1.7569723 15.814951 -1.5933492183685303 0.9914730787277222
Car 0.0 0 -1.684969425201416 706.056640625 180.01100158691406 762.2902221679688 224.68014526367188 3.7043066 1.4815102 1.6009524 4.4307327 1.762769 26.42524 -1.5188442468643188 0.9689069986343384
Car 0.0 0 1.674058198928833 564.386962890625 178.431640625 593.0386352539062 200.4589385986328 3.8386664 1.5339693 1.7261448 -2.2976992 1.9608762 53.209007 1.6309025287628174 0.9592679142951965
Car 0.0 0 -2.290661096572876 952.8820190429688 174.90664672851562 1242.0 375.0 4.244025 1.6934067 1.6977533 3.7833176 1.7118193 4.2117405 -1.5587977170944214 0.8797089457511902
Car 0.0 0 -1.6503338813781738 696.9121704101562 181.30557250976562 741.341796875 216.72669982910156 3.8906994 1.4011713 1.598854 4.6604233 1.7937338 31.486183 -1.5033859014511108 0.8718792200088501
Car 0.0 0 1.7013463973999023 517.755615234375 182.42286682128906 558.5205078125 215.70315551757812 3.6131418 1.5594426 1.6072241 -3.6416798 2.070707 36.69097 1.6024177074432373 0.8417072892189026
Car 0.0 0 -0.3235417604446411 937.9868774414062 173.76527404785156 1017.8172607421875 202.18344116210938 3.6618066 1.5544683 1.6703789 20.62168 1.6075219 40.628227 0.14614367485046387 0.38499248027801514
Car 0.0 0 -1.8704407215118408 678.9888305664062 171.88790893554688 713.9456787109375 194.1083221435547 3.5723443 1.5896602 1.5850676 6.347347 1.5209024 53.51637 -1.7523865699768066 0.31479793787002563
