Cyclist 0.0 0 1.6702618598937988 493.6109313964844 176.54981994628906 515.9509887695312 230.45977783203125 1.6551038 1.6394914 0.5431402 -3.3719373 1.7614337 22.894842 1.524033784866333 0.7779734134674072
Car 0.0 0 -1.6704578399658203 632.487548828125 178.97413635253906 679.3430786132812 217.37249755859375 4.0566874 1.5099677 1.6035441 1.8726631 1.7914771 31.085394 -1.6102880239486694 0.993767499923706
Car 0.0 0 0.5342589616775513 7.9648637771606445 187.7008056640625 319.84771728515625 292.0613098144531 3.9158762 1.4928652 1.6149635 -6.9139643 1.7446194 11.384874 -0.011506438255310059 0.9929019808769226
Car 0.0 0 -0.503494381904602 825.0023193359375 180.12533569335938 1095.0150146484375 270.44061279296875 4.0100436 1.4495674 1.5379965 5.9486775 1.586088 12.615302 -0.0628691092133522 0.9831094145774841
Car 0.0 0 -3.46909499168396 766.6859130859375 183.0988006591797 984.3521728515625 259.0931396484375 4.0343914 1.5047469 1.6362909 5.475338 1.7352906 15.36104 -3.1266918182373047 0.9790449738502502
Car 0.0 0 -0.342786967754364 749.6763916015625 172.67556762695312 943.4711303710938 244.40126037597656 4.232994 1.680448 1.6495379 5.686047 1.6766258 17.797329 -0.03354782611131668 0.9734146595001221
Car 0.0 0 -0.6136642098426819 917.2291870117188 181.4072265625 1242.0 298.5328674316406 3.7112079 1.4851834 1.549559 6.445224 1.6159129 10.133792 -0.04718456044793129 0.973321259021759
Car 0.0 0 -3.762718915939331 959.1322631835938 191.97653198242188 1242.0 353.8143005371094 4.18304 1.4299217 1.6476917 6.092073 1.6552213 7.540238 -3.0831542015075684 0.9615160226821899
Car 0.0 0 0.5048319101333618 114.03352355957031 171.9674530029297 362.177978515625 270.383544921875 3.9292233 1.7690724 1.65824 -7.06606 1.7534944 13.861484 0.03340506553649902 0.9155499935150146
Car 0.0 0 -2.848405361175537 350.1532897949219 171.55279541015625 467.2802429199219 214.8695526123047 3.6205394 1.4630265 1.6655461 -7.021711 1.4194365 25.239359 -3.119748592376709 0.8093161582946777
Car 0.0 0 0.6354811191558838 0.0 186.5312042236328 139.7266387939453 375.0 3.6003866 1.589145 1.60558 -6.748063 1.7360882 6.656333 -0.15676023066043854 0.5860285758972168
Car 0.0 0 0.21842382848262787 383.6019287109375 178.7520751953125 493.87646484375 217.5408935546875 3.8818128 1.437796 1.6137679 -6.5854087 1.6724845 27.830114 -0.01393119990825653 0.574255108833313
