Car 0.0 0 0.46676498651504517 52.96743392944336 184.33885192871094 320.9563903808594 272.5413513183594 4.0438614 1.5159136 1.6576031 -7.8435464 1.7475616 13.585819 -0.05682109668850899 0.9973434805870056
Car 0.0 0 3.5472702980041504 184.6392822265625 182.3961639404297 364.0796813964844 245.65298461914062 3.9269137 1.5468202 1.5619143 -8.6573 1.8059101 18.727106 3.1142454147338867 0.9933051466941833
Car 0.0 0 -0.4046187698841095 738.1932983398438 190.22503662109375 999.6983032226562 282.6712951660156 3.9713805 1.4432065 1.6253216 4.340365 1.7693069 12.573712 -0.07223222404718399 0.9927487969398499
Car 0.0 0 3.6044669151306152 103.76119995117188 185.00262451171875 321.24810791015625 256.41259765625 3.9768758 1.4923261 1.6699957 -8.889898 1.7823155 16.291918 3.104959487915039 0.8610226511955261
Car 0.0 0 0.9085508584976196 0.0 192.1038360595703 179.64793395996094 345.8148193359375 4.030686 1.5160804 1.5385388 -7.4931602 1.7742605 8.529288 0.187730073928833 0.7825047969818115
Car 0.0 0 -1.5517953634262085 462.8132629394531 185.8872833251953 486.0618591308594 209.94442749023438 3.7305443 1.5756404 1.5579673 -9.646168 2.5392742 51.35667 -1.7374591827392578 0.7379850149154663
Car 0.0 0 3.41493558883667 275.8324279785156 179.5209197998047 384.7617492675781 224.41061401367188 3.531178 1.6155266 1.5995597 -10.521579 1.8762919 27.215645 3.0460336208343506 0.6875874996185303
Car 0.0 0 -2.1066689491271973 982.243408203125 188.81178283691406 1037.7122802734375 213.6102752685547 3.6004179 1.5254767 1.6529928 26.82009 2.6401558 48.556637 -1.6020259857177734 0.6039493083953857
Car 0.0 0 -3.4128267765045166 716.6419067382812 188.2133026123047 932.7171630859375 264.761474609375 3.9594042 1.4474506 1.5326852 4.2172627 1.7781696 14.735508 -3.134080648422241 0.5759874582290649
Car 0.0 0 -2.690725088119507 227.47169494628906 181.22750854492188 378.6803283691406 239.90176391601562 3.7374685 1.6126992 1.5528493 -8.886212 1.8662344 20.945131 -3.0919699668884277 0.4415270686149597
