Pedestrian 0.0 0 0.7313948273658752 311.243896484375 175.20582580566406 349.35174560546875 254.89117431640625 0.47337314 1.6878059 0.6297687 -6.1241903 1.7405144 15.680344 0.35904860496520996 0.7178109288215637
Pedestrian 0.0 0 -2.3420674800872803 307.3872375488281 175.3389892578125 348.81689453125 253.7607879638672 0.47677085 1.6087632 0.67347634 -5.995746 1.6629767 15.229748 -2.7171194553375244 0.30949369072914124
Car 0.0 0 1.7761285305023193 397.83868408203125 184.21749877929688 493.5401916503906 248.2651824951172 3.9532716 1.4236538 1.6384016 -4.1822715 1.7503351 18.729313 1.5564318895339966 0.9964919686317444
Car 0.0 0 -2.0573041439056396 803.80078125 189.33328247070312 1184.9755859375 375.0 3.4179492 1.4776441 1.4725257 2.976079 1.6667628 6.51334 -1.6287100315093994 0.994232714176178
Car 0.0 0 -1.7399345636367798 659.14404296875 177.06968688964844 749.0593872070312 248.97964477539062 3.6875076 1.590962 1.6027495 2.1947515 1.7078488 18.061506 -1.6190119981765747 0.9911124110221863
Car 0.0 0 -1.8068296909332275 702.185546875 177.4604034423828 834.946044921875 277.3919677734375 3.3589506 1.577216 1.5959753 2.7084408 1.6730622 13.248437 -1.6051735877990723 0.9906710386276245
Car 0.0 0 -1.6978354454040527 638.8306274414062 174.4794158935547 706.6021118164062 230.9706573486328 4.2850704 1.681346 1.6688893 1.9228916 1.7401807 23.776628 -1.6171379089355469 0.9882552623748779
Car 0.0 0 1.7447304725646973 444.94952392578125 183.53543090820312 511.8235168457031 230.53053283691406 3.9526644 1.4090837 1.5705757 -4.424706 1.8016555 24.511581 1.5661388635635376 0.9240995645523071
Car 0.0 0 -1.6207833290100098 607.0877075195312 176.66165161132812 629.5264892578125 196.18345642089844 4.0491557 1.4718263 1.5737767 0.6033239 1.7851655 57.252163 -1.610245704650879 0.7148013114929199
Car 0.0 0 1.69214928150177 483.2984924316406 177.048095703125 525.6455688476562 214.2712860107422 3.5297155 1.6737255 1.596328 -5.050955 1.8857349 34.625854 1.547298550605774 0.36131542921066284
Car 0.0 0 1.687057375907898 467.5554504394531 177.46864318847656 514.7293701171875 218.55084228515625 3.9170039 1.6625785 1.5972571 -5.187603 1.8780497 31.638714 1.5245397090911865 0.3368558883666992
