Car 0.0 0 2.8289597034454346 738.1834716796875 181.5184326171875 917.0042114257812 242.78671264648438 4.310105 1.5542678 1.6528362 5.7183537 1.7986374 19.434341 3.1151235103607178 0.9928327798843384
Car 0.0 0 -1.6920099258422852 635.131591796875 182.36996459960938 678.5653076171875 215.75994873046875 3.6287577 1.4266456 1.5885786 2.0987542 1.8965696 33.74345 -1.6298925876617432 0.9792485237121582
Car 0.0 0 -2.492563486099243 0.0 185.88047790527344 332.52783203125 319.1888732910156 4.2744007 1.4839045 1.6647624 -6.042975 1.6679009 9.194239 -3.0740232467651367 0.9760943055152893
Car 0.0 0 -0.5928504467010498 931.3126220703125 182.725830078125 1242.0 311.4747009277344 4.072218 1.5426005 1.6187328 6.62078 1.6857314 9.60123 0.010845422744750977 0.9759825468063354
Car 0.0 0 0.327353835105896 146.18350219726562 174.8627166748047 400.41229248046875 270.56060791015625 4.188248 1.7252774 1.6524422 -6.442197 1.7677301 14.083326 -0.10166525095701218 0.9701995253562927
Car 0.0 0 0.2975673973560333 272.91339111328125 179.72311401367188 451.34246826171875 245.25672912597656 4.1705 1.6409363 1.686623 -6.5193167 1.8323588 19.160559 -0.030392222106456757 0.941184937953949
Car 0.0 0 0.1701398491859436 392.2349548339844 179.1930694580078 491.21722412109375 220.93646240234375 3.4534602 1.5241485 1.626387 -6.401953 1.7744286 27.531885 -0.05832885950803757 0.9148707389831543
Car 0.0 0 -0.6894067525863647 1011.4913940429688 191.22190856933594 1242.0 357.3236389160156 4.152294 1.4585081 1.5663146 6.580918 1.6689091 7.3859677 0.03841519355773926 0.8896458745002747
Car 0.0 0 -2.653151512145996 235.71963500976562 184.70570373535156 426.9505920410156 255.7753448486328 3.8481176 1.5201848 1.6211455 -6.468624 1.8138076 16.814154 -3.0204105377197266 0.8409028649330139
Car 0.0 0 0.5338983535766602 60.47521209716797 187.79417419433594 354.6521301269531 289.8638000488281 3.7893724 1.4592615 1.5886465 -6.2722077 1.7137396 11.416402 0.03151345252990723 0.8046514391899109
Car 0.0 0 -1.5325069427490234 632.9640502929688 179.81228637695312 663.4904174804688 207.65101623535156 3.8476586 1.5612246 1.6915388 2.3077807 1.9998574 43.4511 -1.4794446229934692 0.8023421168327332
Car 0.0 0 1.5725126266479492 557.8736572265625 179.57281494140625 577.4002075195312 198.73011779785156 3.761316 1.4540999 1.5172127 -3.4298527 2.0127594 58.032734 1.513479232788086 0.7473135590553284
Car 0.0 0 -2.864215135574341 409.8932189941406 172.2183074951172 507.0735778808594 213.17124938964844 3.723962 1.6747364 1.5651067 -6.385121 1.6490983 30.415625 -3.071139335632324 0.6726699471473694
Car 0.0 0 0.387362003326416 430.4297180175781 176.11997985839844 511.11199951171875 210.95477294921875 3.4703228 1.6105516 1.5748832 -6.706067 1.772908 34.67592 0.19632768630981445 0.3788364827632904
Car 0.0 0 -1.5833163261413574 621.2346801757812 177.13693237304688 639.1879272460938 195.49964904785156 3.5781567 1.4896427 1.4720134 1.6686623 1.8637952 61.170048 -1.5560439825057983 0.3240089416503906
