Car 0.0 0 1.7199569940567017 440.2574462890625 183.15602111816406 533.2727661132812 255.00352478027344 3.744751 1.4672595 1.6305126 -2.8588502 1.7395543 17.15814 1.5548559427261353 0.9968738555908203
Car 0.0 0 -1.8890297412872314 739.6194458007812 185.09864807128906 949.17431640625 326.1611022949219 3.4466054 1.4511362 1.5338464 2.7770934 1.6419226 9.470928 -1.603801965713501 0.9961020946502686
Car 0.0 0 -1.6258583068847656 639.9970703125 174.14662170410156 676.8078002929688 206.82717895507812 4.125565 1.6154237 1.6927977 2.4529467 1.6873899 37.897984 -1.5612235069274902 0.9945520758628845
Car 0.0 0 -1.8168482780456543 687.4573364257812 178.5980224609375 807.9238891601562 264.4576110839844 3.5150702 1.5050107 1.561039 2.6120443 1.6367649 14.694714 -1.6409317255020142 0.9939643740653992
Car 0.0 0 -1.7175557613372803 672.88623046875 168.7362060546875 753.9046630859375 238.50738525390625 3.7340598 1.6997772 1.6049489 2.6356158 1.5998169 19.452074 -1.5828831195831299 0.9877191781997681
Car 0.0 0 1.6814631223678589 507.7346496582031 178.37867736816406 560.4891967773438 221.99142456054688 3.7223601 1.539492 1.6200615 -2.8998697 1.7670716 27.806421 1.577551007270813 0.9871446490287781
Car 0.0 0 2.2052149772644043 0.0 194.30848693847656 358.7019958496094 375.0 3.9706087 1.5242257 1.6606869 -3.1356976 1.7148292 4.397872 1.585815191268921 0.9479928016662598
Car 0.0 0 1.588311791419983 555.7952880859375 174.33843994140625 578.5225830078125 195.7384796142578 3.8062084 1.5611613 1.6600789 -3.2520785 1.67833 54.83908 1.5290789604187012 0.8355358839035034
Car 0.0 0 -2.128852367401123 838.2471313476562 179.19482421875 1242.0 375.0 4.1814456 1.5583175 1.7368631 2.768283 1.6143242 4.2198963 -1.5482656955718994 0.8055160641670227
Car 0.0 0 -1.6364136934280396 628.2672119140625 172.79408264160156 654.8390502929688 197.5685272216797 4.1917415 1.6750112 1.5932823 2.1587582 1.6713185 50.89458 -1.5940228700637817 0.5372524261474609
Car 0.0 0 1.7639381885528564 441.8182678222656 173.0154571533203 494.4612121582031 214.2418975830078 3.7530568 1.6774408 1.5448916 -6.116235 1.6852112 31.246862 1.5706429481506348 0.3230591416358948
