Car 0.0 0 1.8169490098953247 248.68263244628906 187.6563262939453 482.908203125 348.9534912109375 4.376133 1.4991506 1.7500315 -2.8550386 1.7369529 9.342059 1.5203522443771362 0.9981568455696106
Car 0.0 0 1.7096562385559082 498.6813659667969 187.1908416748047 559.1725463867188 234.7580108642578 3.6713512 1.4299136 1.5598313 -2.7403429 1.9572866 24.663664 1.5990016460418701 0.9928996562957764
Car 0.0 0 -1.8488054275512695 730.1465454101562 185.39651489257812 908.3458862304688 313.7373046875 3.3216825 1.4988021 1.5575174 2.7675793 1.7095591 10.42597 -1.589338779449463 0.986261785030365
Car 0.0 0 -2.084294557571411 779.6607055664062 191.20281982421875 1242.0 375.0 3.6574748 1.4891945 1.6021397 2.5217957 1.6713384 5.2674394 -1.6377896070480347 0.9816595911979675
Car 0.0 0 -1.6906943321228027 657.5836791992188 182.78675842285156 717.7407836914062 232.36297607421875 3.423579 1.5321922 1.6343206 2.5448678 1.8965604 24.71409 -1.5880836248397827 0.9724240303039551
Car 0.0 0 -1.6632952690124512 640.6871948242188 177.22994995117188 683.2620239257812 217.76695251464844 4.036742 1.8010002 1.6533409 2.3898618 2.0231526 34.531105 -1.5941965579986572 0.9248578548431396
Car 0.0 0 1.5987201929092407 548.6828002929688 183.9177703857422 574.30029296875 208.5211944580078 4.3576555 1.5361105 1.6252924 -3.3012347 2.3254335 49.24179 1.5317790508270264 0.8689789175987244
Car 0.0 0 -1.6663936376571655 634.1588134765625 177.09397888183594 664.3807983398438 205.00006103515625 3.931586 1.7887902 1.6680336 2.5887122 2.0880036 48.85532 -1.6134557723999023 0.8551285266876221
Car 0.0 0 -1.69505774974823 642.2701416015625 183.45823669433594 693.2730712890625 227.35250854492188 3.9172513 1.6050768 1.5781233 2.2396238 2.0659792 29.339508 -1.618870735168457 0.5891625881195068
Car 0.0 0 -0.40117108821868896 766.3267211914062 174.39425659179688 936.1101684570312 233.32257080078125 4.0081625 1.4945524 1.5849527 6.33374 1.5381719 19.305246 -0.08415244519710541 0.3796040713787079
