Cyclist 0.0 0 -2.1270899772644043 1013.6202392578125 168.09454345703125 1083.61669921875 245.17161560058594 1.5670916 1.5858473 0.54564923 9.41499 1.4882799 15.63009 -1.5849345922470093 0.451263427734375
Car 0.0 0 -1.843480110168457 752.1243896484375 182.71133422851562 878.6785888671875 268.5430603027344 3.5376685 1.5065398 1.569878 4.0213327 1.73399 14.844771 -1.5789368152618408 0.9943217039108276
Car 0.0 0 -1.9780757427215576 816.3277587890625 191.41026306152344 1108.2335205078125 352.98077392578125 4.1172132 1.4568678 1.6586714 3.9430292 1.742784 9.038888 -1.5667322874069214 0.9914997220039368
Car 0.0 0 -1.7283672094345093 727.3862915039062 181.53622436523438 809.98388671875 243.9055633544922 3.8794324 1.5027269 1.6077467 4.2186575 1.7665123 19.9111 -1.5195802450180054 0.9897234439849854
Car 0.0 0 1.7833895683288574 456.65350341796875 183.7821502685547 526.2001953125 234.38238525390625 3.8348596 1.5519153 1.5941378 -4.0512238 1.9594836 24.92764 1.6222788095474243 0.9877129793167114
Car 0.0 0 -1.7525591850280762 705.4510498046875 179.524169921875 768.5618286132812 228.02264404296875 3.684622 1.5481493 1.5285476 4.3453174 1.8003714 25.390753 -1.5830633640289307 0.9516555070877075
Car 0.0 0 1.7161675691604614 561.1747436523438 178.50721740722656 591.9708251953125 201.093994140625 3.7619803 1.537926 1.6941935 -2.4019022 1.9615245 52.061165 1.670064091682434 0.9300447106361389
Car 0.0 0 1.7674458026885986 493.801025390625 182.08834838867188 547.87158203125 222.28472900390625 3.5775042 1.5605893 1.6153959 -3.7707572 1.9775009 30.701366 1.6452373266220093 0.6796882152557373
Car 0.0 0 -1.6565085649490356 697.0939331054688 180.06143188476562 744.3219604492188 220.02194213867188 4.0650396 1.5300858 1.6122421 4.563817 1.855448 30.454218 -1.5077571868896484 0.6656139492988586
Car 0.0 0 1.720555305480957 513.4447021484375 182.8700714111328 556.1025390625 216.5664825439453 3.5957685 1.5262988 1.5756288 -3.6981285 2.046335 35.601444 1.6170507669448853 0.41918501257896423
Car 0.0 0 0.41041868925094604 404.4671630859375 169.19923400878906 459.07171630859375 187.93911743164062 4.3391733 1.6233937 1.7660984 -15.746195 1.307146 63.736206 0.16821599006652832 0.31335264444351196
Car 0.0 0 -1.8408676385879517 681.2817993164062 171.89060974121094 714.8728637695312 193.92420959472656 3.5209715 1.5416036 1.529014 6.3230977 1.4745556 52.335255 -1.7206313610076904 0.3064485490322113
