Car 0.0 0 2.0072689056396484 201.62620544433594 192.30587768554688 395.6119384765625 293.5739440917969 4.4059443 1.5157092 1.6802483 -5.757518 1.9510243 13.89381 1.6144154071807861 0.9968454241752625
Car 0.0 0 -1.7905994653701782 725.5922241210938 175.99598693847656 864.0846557617188 275.4931335449219 3.933246 1.5808005 1.6443408 3.2340379 1.6488497 13.564047 -1.556542158126831 0.9960017800331116
Car 0.0 0 -1.9731494188308716 782.5221557617188 185.57846069335938 1103.5736083984375 362.08758544921875 3.971853 1.3950522 1.6526701 3.1976604 1.5717347 7.9922695 -1.5925618410110474 0.9959723353385925
Car 0.0 0 -1.7450058460235596 684.4100341796875 180.10733032226562 752.8126220703125 230.9881134033203 3.721555 1.4861288 1.5602577 3.40415 1.74161 23.492554 -1.6011041402816772 0.9954763054847717
Car 0.0 0 1.855789303779602 345.9073181152344 191.44387817382812 443.0081787109375 253.30245971679688 3.71892 1.4299812 1.5425271 -5.7952747 1.9847784 19.656189 1.5690804719924927 0.9917215704917908
Car 0.0 0 2.2876081466674805 0.0 205.77488708496094 183.47142028808594 375.0 4.118959 1.5370913 1.6324729 -5.8243065 1.9234573 6.379733 1.5476901531219482 0.9756836295127869
Car 0.0 0 1.8409092426300049 433.7770080566406 183.76551818847656 501.3210144042969 228.09197998046875 4.1277466 1.5771261 1.6011397 -5.6415668 2.04559 28.83205 1.647680640220642 0.9653286933898926
Car 0.0 0 -1.6933186054229736 672.3106079101562 179.78526306152344 724.0247802734375 219.91671752929688 4.1916847 1.4534073 1.5409752 3.4211447 1.7520953 28.953459 -1.5757038593292236 0.935445249080658
Car 0.0 0 2.4153828620910645 1030.109375 165.8141632080078 1242.0 289.3797302246094 4.3092923 1.5306193 1.6327044 8.275426 1.4437737 9.805468 3.1163601875305176 0.8653354048728943
Car 0.0 0 -1.6472327709197998 654.3746948242188 176.3050537109375 691.2131958007812 207.6103057861328 4.015191 1.5412116 1.6185904 3.2173145 1.7328615 37.97794 -1.5627192258834839 0.8404045104980469
Car 0.0 0 1.564060926437378 501.43914794921875 182.5805206298828 528.4422607421875 208.9433135986328 3.244338 1.4859467 1.5601193 -5.795424 2.0978184 43.646473 1.4320520162582397 0.557159960269928
Car 0.0 0 -1.8896729946136475 359.6001892089844 171.79830932617188 410.1959533691406 201.980224609375 3.516123 1.5130794 1.5144715 -11.939255 1.4605134 38.03896 -2.1938047409057617 0.49039313197135925
Car 0.0 0 1.6083436012268066 453.6877136230469 174.17945861816406 479.37353515625 195.14578247070312 4.0297327 1.4310526 1.6546881 -10.257939 1.5301607 51.634 1.4122307300567627 0.46693018078804016
