Cyclist 0.0 0 -2.024094343185425 973.2188110351562 172.88186645507812 1028.16845703125 242.2310028076172 1.4923654 1.6225098 0.5820377 9.473153 1.6235783 17.636265 -1.5311775207519531 0.38965335488319397
Car 0.0 0 -1.9054968357086182 791.6620483398438 189.17845153808594 988.224609375 307.1275329589844 3.7906656 1.4173431 1.5856159 3.9946597 1.7119317 11.098414 -1.5600026845932007 0.9928743839263916
Car 0.0 0 -1.7350029945373535 719.58203125 179.3065643310547 794.87890625 236.26461791992188 3.8617148 1.537658 1.6017338 4.3153787 1.751128 21.873383 -1.5402154922485352 0.9926188588142395
Car 0.0 0 1.7703404426574707 470.9122009277344 183.49253845214844 535.0659790039062 231.01092529296875 3.9526644 1.590457 1.6265761 -3.972354 2.019693 27.067844 1.6246250867843628 0.9921959638595581
Car 0.0 0 -1.857686996459961 739.644287109375 181.15078735351562 850.2667236328125 253.735595703125 3.3859208 1.4708394 1.5627303 4.1152596 1.6835777 16.740099 -1.6166346073150635 0.9834648370742798
Car 0.0 0 -1.7046947479248047 703.8253173828125 181.01976013183594 757.2605590820312 223.1173095703125 3.5896804 1.4518648 1.5208498 4.4678807 1.7829014 27.401188 -1.5430629253387451 0.95793616771698
Car 0.0 0 -2.1932411193847656 915.4299926757812 164.53829956054688 1242.0 375.0 4.3720303 1.650543 1.7475041 3.8105235 1.6186731 5.0035586 -1.542380928993225 0.9039221405982971
Car 0.0 0 -1.654168725013733 695.3836669921875 181.58116149902344 738.393310546875 216.72080993652344 4.071037 1.4224583 1.5575106 4.685743 1.8388745 32.31682 -1.5101782083511353 0.8789889216423035
Car 0.0 0 1.6761771440505981 565.9155883789062 179.86334228515625 594.5469970703125 200.88311767578125 3.9517007 1.4845861 1.7501128 -2.2306376 2.0325427 54.33872 1.635149598121643 0.854769229888916
Car 0.0 0 1.7071473598480225 521.498291015625 183.7373046875 560.087646484375 215.2633819580078 3.4990363 1.5168355 1.5484449 -3.6092863 2.1130543 37.721657 1.6117557287216187 0.3903402090072632
