Car 0.0 0 -1.9923197031021118 782.116943359375 190.82333374023438 1139.9986572265625 375.0 3.592551 1.3796748 1.5194501 2.7929547 1.593627 6.7559776 -1.600311040878296 0.9970422387123108
Car 0.0 0 -3.5764176845550537 846.235595703125 166.45559692382812 1142.5087890625 271.22216796875 3.9473476 1.5837028 1.6748608 6.0567555 1.4873391 11.817699 -3.1028077602386475 0.9874480366706848
Car 0.0 0 -0.34838464856147766 780.840087890625 173.97549438476562 985.1687622070312 240.8392791748047 4.25711 1.515106 1.6164984 6.341078 1.5434645 17.193245 0.004950046539306641 0.9781248569488525
Car 0.0 0 0.2757892608642578 296.91424560546875 170.97735595703125 454.1620788574219 227.44818115234375 4.0753846 1.579079 1.634722 -6.7955594 1.5269608 21.064163 -0.03628157824277878 0.9780699610710144
Car 0.0 0 -1.6385530233383179 636.1283569335938 175.0218505859375 670.4376220703125 204.13082885742188 4.037139 1.546953 1.6506366 2.3570824 1.6756027 40.67075 -1.5806626081466675 0.9727469682693481
Car 0.0 0 2.7225890159606934 742.0689697265625 176.60604858398438 881.0358276367188 226.4772186279297 3.835241 1.4530051 1.5182111 6.114895 1.5742854 22.213356 2.991215705871582 0.9700914621353149
Car 0.0 0 -0.34192484617233276 712.3256225585938 175.67654418945312 837.5980834960938 221.30758666992188 3.9363751 1.5133724 1.6001482 5.643036 1.6159077 25.086084 -0.12066100537776947 0.9592923521995544
Car 0.0 0 0.09779279679059982 438.44000244140625 170.4046173095703 516.8053588867188 203.8535919189453 3.5823555 1.5718981 1.6568903 -6.385346 1.45715 34.87968 -0.08327005058526993 0.9584832191467285
Car 0.0 0 -2.739966869354248 226.25686645507812 172.92257690429688 429.48406982421875 246.44580078125 3.9852314 1.581639 1.6227516 -6.356227 1.5836387 16.394945 -3.1098201274871826 0.9559463262557983
Car 0.0 0 -2.806522846221924 350.5055236816406 171.6476593017578 471.6738586425781 225.01609802246094 3.4654 1.6680117 1.6023448 -6.4570622 1.6306659 23.46323 -3.0750741958618164 0.9230538606643677
Car 0.0 0 -2.5063838958740234 0.0 162.76779174804688 325.176513671875 301.1268005371094 4.4210033 1.5861766 1.6809572 -6.224601 1.4709039 9.197888 -3.1013295650482178 0.9197633862495422
Car 0.0 0 -2.6791744232177734 147.43356323242188 169.40065002441406 395.20947265625 258.7863464355469 4.0286245 1.6255604 1.6976763 -6.4997644 1.5631161 14.024852 -3.1131536960601807 0.9001001119613647
Car 0.0 0 -2.5049941539764404 49.29729461669922 165.7293243408203 326.5611267089844 265.7312316894531 3.6730125 1.4941247 1.6149117 -6.832343 1.3880329 11.783922 -3.0304298400878906 0.8864791989326477
Car 0.0 0 -0.3074130117893219 772.7166137695312 176.30813598632812 925.1661987304688 233.68698120117188 3.6773298 1.5055785 1.5359981 6.4288683 1.6044872 19.803675 0.006484270095825195 0.8126204609870911
Car 0.0 0 -0.6510394215583801 818.1500854492188 172.80859375 1039.113525390625 255.8653564453125 3.8747997 1.5098758 1.5481088 6.232803 1.5094084 14.327578 -0.2407112717628479 0.7152577638626099
Car 0.0 0 -2.2052130699157715 0.0 189.7660675048828 200.84347534179688 375.0 3.9359436 1.445381 1.6812369 -6.34066 1.6369972 6.948165 -2.94492769241333 0.684231162071228
Car 0.0 0 -2.780592918395996 448.2638244628906 167.82498168945312 530.7423706054688 198.21067810058594 3.9354072 1.5345155 1.5781851 -6.2926865 1.2809017 37.591454 -2.9464519023895264 0.5406762361526489
