Car 0.0 0 1.844129204750061 310.8288269042969 191.52940368652344 486.7313537597656 309.15972900390625 3.7973545 1.457441 1.6711737 -3.1719618 1.8032224 11.441854 1.5736961364746094 0.9975566864013672
Car 0.0 0 -1.8020117282867432 712.4131469726562 184.8211669921875 879.1002197265625 296.8897705078125 3.996719 1.4321212 1.6518353 2.715313 1.6588383 11.645042 -1.5729315280914307 0.9957774877548218
Car 0.0 0 -1.7590230703353882 662.2237548828125 182.97695922851562 736.05810546875 239.861083984375 3.7559137 1.5179737 1.5214046 2.5621018 1.8521776 21.86535 -1.6423786878585815 0.9934346675872803
Car 0.0 0 -1.6142696142196655 634.5013427734375 180.6077423095703 662.7957763671875 207.02236938476562 3.9839501 1.5400468 1.591275 2.3518174 2.0480332 45.236916 -1.56232750415802 0.9884459972381592
Car 0.0 0 1.653396725654602 495.6072998046875 187.3792724609375 551.7704467773438 236.9226837158203 3.8736756 1.4667914 1.575189 -2.8964024 1.9994113 24.473827 1.5355976819992065 0.9853025674819946
Car 0.0 0 2.0078978538513184 0.0 197.7422637939453 417.30316162109375 375.0 3.5050004 1.4958899 1.5525465 -2.875981 1.7630134 5.969495 1.5589325428009033 0.979576587677002
Car 0.0 0 -1.7864364385604858 686.5527954101562 185.39602661132812 785.5931396484375 257.33453369140625 3.4236674 1.4255157 1.5242416 2.7461843 1.7458192 16.654299 -1.6230136156082153 0.9788089394569397
Car 0.0 0 1.5877724885940552 563.8237915039062 180.50228881835938 583.6294555664062 199.33482360839844 3.7287135 1.5306151 1.6406206 -3.1163518 2.208945 62.06641 1.5376046895980835 0.9605309963226318
Car 0.0 0 1.6487749814987183 527.0735473632812 181.6613006591797 566.91748046875 217.3258056640625 4.1278305 1.590544 1.6241894 -3.0610974 2.0467231 35.269554 1.5622004270553589 0.9391922950744629
Car 0.0 0 -1.6945388317108154 654.51220703125 176.09068298339844 709.0358276367188 223.37229919433594 3.2693455 1.6137406 1.588197 2.5324864 1.7404475 26.507057 -1.5992878675460815 0.9323241710662842
Car 0.0 0 1.787799596786499 443.92486572265625 185.46853637695312 494.8999328613281 224.03038024902344 3.853431 1.5554993 1.4450815 -6.2704387 2.1549282 32.31904 1.5961636304855347 0.44654136896133423
