Car 0.0 0 -1.76726233959198 686.2767944335938 180.34156799316406 807.094970703125 263.67083740234375 4.311317 1.4533982 1.622576 2.6405628 1.6335355 15.147223 -1.5946701765060425 0.9987069368362427
Car 0.0 0 -1.695490837097168 668.4375 177.24716186523438 727.5503540039062 224.20193481445312 3.9378197 1.5345556 1.6113061 3.0373585 1.7047939 25.923212 -1.5788551568984985 0.997401237487793
Car 0.0 0 -2.183225631713867 823.7545776367188 195.81350708007812 1242.0 375.0 3.4978511 1.4001746 1.5560951 2.9643948 1.6275179 5.3107743 -1.6741200685501099 0.9927030801773071
Car 0.0 0 -2.745748281478882 296.9381103515625 185.58694458007812 470.87841796875 244.1294403076172 4.0883837 1.4301504 1.564953 -5.936413 1.7832199 19.014967 -3.0483570098876953 0.9903053045272827
Car 0.0 0 -2.586679458618164 6.575699329376221 177.6834716796875 331.1584167480469 288.3476257324219 3.979324 1.5554593 1.661841 -6.6445312 1.6357083 11.073604 -3.1271235942840576 0.9707743525505066
Car 0.0 0 -2.472205638885498 0.0 185.18629455566406 282.97259521484375 329.9609375 4.3423543 1.4910438 1.6807861 -6.4385753 1.6510977 8.4596405 -3.1227686405181885 0.9698371291160583
Car 0.0 0 -2.919297218322754 401.1095886230469 174.8658447265625 505.1432800292969 215.8618927001953 3.8022401 1.5888346 1.6373574 -6.2635527 1.6720492 28.878193 -3.1328845024108887 0.9239510297775269
Car 0.0 0 0.2736576199531555 326.0375061035156 175.95407104492188 464.57122802734375 227.0040283203125 3.6823905 1.4607949 1.5554556 -6.381299 1.5571895 21.545654 -0.014286953955888748 0.917669951915741
Car 0.0 0 0.51202791929245 129.58363342285156 176.58306884765625 380.3464660644531 270.1351318359375 3.8853283 1.6033638 1.5854257 -6.499776 1.6773634 13.340922 0.058667898178100586 0.9089232683181763
Car 0.0 0 -1.6010621786117554 650.0396118164062 174.93124389648438 677.4158935546875 200.82228088378906 3.7637398 1.5381616 1.5848378 3.2886727 1.6738297 45.084076 -1.5282458066940308 0.8657413721084595
Car 0.0 0 -2.750579357147217 347.1316223144531 167.63368225097656 485.08953857421875 223.5196075439453 4.1253834 1.7747833 1.6113247 -6.4373655 1.6093588 23.975037 -3.012895345687866 0.5454253554344177
Car 0.0 0 0.18837815523147583 495.5625305175781 169.8355255126953 557.2535400390625 191.30409240722656 4.183153 1.5216655 1.7125458 -6.0395446 1.3080775 52.145653 0.07307124137878418 0.498317688703537
