Cyclist 0.0 0 1.7076517343521118 499.2958984375 175.0561981201172 522.762451171875 225.31846618652344 1.6473117 1.622793 0.5630418 -3.3500082 1.6995019 24.189253 1.570035457611084 0.7819907665252686
Car 0.0 0 0.5079127550125122 54.605533599853516 178.4644317626953 341.7284851074219 271.5705871582031 4.0263443 1.4910632 1.6498743 -7.014549 1.5950031 12.485693 -0.003950032405555248 0.9960790276527405
Car 0.0 0 -1.6690950393676758 632.806640625 179.91903686523438 678.0496215820312 215.6559600830078 4.071672 1.4452509 1.5996511 1.9155354 1.7797679 32.059013 -1.6094156503677368 0.993121325969696
Car 0.0 0 -0.6379565000534058 929.6250610351562 182.2952117919922 1242.0 326.0945129394531 4.202774 1.5242829 1.6288437 6.215172 1.6481261 8.595182 -0.011895150877535343 0.9908151626586914
Car 0.0 0 -3.4273579120635986 748.3828735351562 172.8931427001953 925.9688720703125 240.4661865234375 4.1245832 1.6858976 1.6464303 5.7824273 1.687324 18.847792 -3.1296780109405518 0.9887120723724365
Car 0.0 0 -0.49984443187713623 818.3268432617188 181.87596130371094 1049.6558837890625 266.9414367675781 3.728171 1.477719 1.502179 5.9776864 1.6599613 13.634007 -0.08664576709270477 0.985057532787323
Car 0.0 0 -0.34096667170524597 754.4659423828125 182.13243103027344 959.5292358398438 252.95252990722656 4.091704 1.5028247 1.6524111 5.45443 1.7252878 16.40246 -0.019932683557271957 0.9840524196624756
Car 0.0 0 0.41094499826431274 159.5790557861328 170.93212890625 385.5644836425781 256.3096008300781 3.9089065 1.6647724 1.6360759 -6.8979545 1.6276559 14.927194 -0.02193102054297924 0.9822195768356323
Car 0.0 0 -0.557856559753418 889.1428833007812 181.60281372070312 1197.481201171875 291.0811462402344 3.825704 1.5354593 1.5643152 6.4553227 1.6805373 11.092033 -0.030793754383921623 0.9754528999328613
Car 0.0 0 3.759235382080078 0.0 186.0857391357422 217.55667114257812 367.30987548828125 4.1454268 1.6366673 1.5862354 -6.7503557 1.7960653 7.6650796 3.0372066497802734 0.9737246632575989
Car 0.0 0 -2.882161855697632 368.9306640625 175.37123107910156 478.235107421875 219.25379943847656 3.5334005 1.5355918 1.6635922 -6.7483764 1.6302665 26.187593 -3.134368419647217 0.8748781085014343
Car 0.0 0 -1.710016131401062 618.8709716796875 178.08328247070312 649.7730712890625 202.19883728027344 3.493372 1.4837373 1.5352868 1.5177549 1.8379093 46.99807 -1.6777334213256836 0.727537214756012
Car 0.0 0 -2.7611587047576904 394.7808837890625 175.93650817871094 498.4014892578125 217.37364196777344 3.7319067 1.590775 1.5841116 -6.559942 1.7193378 28.931932 -2.984125852584839 0.4779866337776184
